100
100
15 396 506 218 94 263 159 889 767 643 170 359 546 637 350 157 832 81 945 188 63 533 32 94 552 234 743 524 372 364 825 626 295 388 621 603 711 39 429 55 904 461 554 530 812 829 425 114 444 710 874 321 223 769 460 162 993 495 324 992 699 406 553 370 289 650 979 269 446 771 556 513 32 403 311 351 286 575 84 475 160 84 820 295 74 737 506 86 131 599 281 572 996 478 113 737 205 945 180 576 
130 122 290 661 454 48 167 822 884 45 140 129 696 987 306 240 727 882 266 919 146 3 732 572 162 641 279 59 728 200 453 519 115 564 171 116 934 596 940 358 89 550 797 46 815 641 14 809 496 426 71 957 365 276 132 786 932 240 246 115 71 487 679 111 782 516 242 302 979 83 404 942 202 230 177 703 948 143 817 589 878 621 313 843 824 397 558 602 520 927 895 68 568 952 795 314 43 224 304 681 
661 198 52 719 566 64 448 171 234 327 912 507 855 386 373 550 959 727 246 525 429 108 720 414 355 676 837 423 98 19 904 338 78 896 708 547 493 950 545 438 731 861 922 721 998 159 22 915 596 242 3 309 977 810 725 421 825 716 300 962 182 924 506 256 131 376 848 613 447 113 690 413 463 821 320 477 399 737 404 995 793 618 899 568 148 813 473 513 710 841 711 135 45 980 583 776 101 74 659 182 
394 862 969 558 532 11 349 630 466 754 453 377 905 854 780 181 77 777 752 335 742 521 699 652 409 645 774 87 289 780 51 411 97 854 29 537 145 813 726 601 825 359 581 818 17 432 178 947 90 276 263 919 226 194 198 676 951 40 332 406 599 12 87 958 943 418 656 125 131 644 805 112 321 76 492 385 416 12 874 455 673 868 627 613 994 75 819 512 833 647 888 647 169 773 970 62 530 955 902 272 
639 881 111 187 151 450 127 904 673 535 323 80 677 3 731 206 315 827 300 838 332 913 769 825 93 120 279 199 463 356 568 623 849 275 965 743 881 968 336 631 519 501 379 739 674 519 444 493 851 8 702 572 119 862 185 307 31 310 867 440 724 448 76 339 745 856 208 793 252 323 749 210 974 580 544 374 808 76 508 130 430 879 552 311 561 8 125 43 476 965 282 103 848 184 501 619 884 636 99 261 
909 686 382 398 737 444 468 264 62 247 625 261 529 271 806 615 978 1000 843 732 653 138 156 554 877 240 809 578 437 224 480 798 121 299 743 797 522 932 619 80 408 465 732 574 718 587 180 560 381 39 594 542 255 791 130 915 474 470 101 453 325 372 214 432 858 317 379 546 391 795 401 125 381 133 885 810 721 205 601 884 197 645 531 430 618 828 474 790 137 553 121 443 686 282 273 290 455 361 582 681 
757 615 12 452 910 392 971 129 170 692 88 634 462 155 369 118 354 345 178 823 356 531 149 999 31 332 734 899 811 757 869 696 569 694 532 223 899 588 633 221 769 313 370 382 282 932 314 892 561 332 840 593 307 669 147 55 207 768 621 452 353 674 926 469 57 118 973 815 907 291 470 136 855 91 835 531 931 267 952 82 608 390 190 966 887 195 908 227 945 794 784 845 755 88 359 68 490 211 270 745 
631 426 64 659 702 992 641 801 397 714 863 881 655 584 844 290 104 32 613 494 460 941 390 334 361 514 316 993 428 703 240 373 67 375 665 248 638 829 153 518 429 54 21 809 739 79 23 719 435 381 86 615 499 821 68 536 495 886 71 604 712 485 593 551 295 215 203 645 480 246 301 621 310 824 450 513 82 353 427 684 165 62 322 890 398 305 35 196 583 135 69 210 372 572 334 752 321 79 538 516 
899 21 201 155 963 737 410 698 220 47 589 25 713 380 799 158 322 560 662 268 373 878 299 896 806 892 296 696 61 553 33 63 29 202 555 408 357 574 591 494 891 342 935 173 675 898 778 107 862 944 976 969 373 389 360 993 13 674 574 175 43 27 839 130 841 414 655 485 322 583 403 565 912 914 559 810 996 659 433 493 276 780 943 781 740 406 934 4 203 803 246 160 635 221 369 316 643 74 86 916 
383 45 408 303 338 437 818 848 278 869 695 566 554 108 949 892 832 679 691 85 708 847 61 570 711 494 519 925 693 846 187 898 81 774 275 375 329 337 111 193 201 667 558 403 18 793 173 178 993 443 572 196 872 839 521 123 856 675 609 618 959 988 96 324 355 18 453 260 170 622 796 740 786 412 62 197 496 33 813 258 129 75 349 149 95 950 308 401 493 898 454 499 695 480 338 643 205 956 322 447 
512 460 729 522 558 1000 399 407 442 575 861 972 161 393 601 431 347 917 904 568 577 30 765 233 242 155 1 128 214 117 756 184 139 295 968 532 389 526 192 694 551 246 679 102 39 702 596 599 647 553 64 934 198 833 927 973 475 43 557 300 323 577 160 454 82 49 722 884 243 430 918 120 678 522 443 544 614 10 224 712 447 384 486 703 401 777 579 422 832 202 433 17 608 460 851 857 411 693 85 459 
424 159 827 962 399 917 812 803 566 139 627 750 393 287 538 23 75 348 676 654 118 701 804 794 433 668 273 392 733 74 419 937 352 493 840 720 64 970 442 211 453 824 327 570 656 105 701 45 393 7 418 5 762 925 536 339 369 870 949 870 171 813 432 975 637 724 68 560 621 785 831 735 975 739 622 434 215 827 336 727 896 947 313 268 830 417 885 851 495 173 401 705 482 889 615 850 129 376 735 501 
528 840 1000 558 168 908 162 162 383 856 476 182 674 787 222 672 681 660 207 200 130 313 471 440 288 547 886 108 466 428 200 170 138 400 626 101 257 226 290 147 980 898 650 84 524 898 267 12 696 624 873 563 70 243 856 795 564 370 9 28 380 334 668 834 535 168 480 920 292 747 837 502 147 17 107 746 366 582 954 711 231 199 606 81 921 63 672 470 419 388 50 645 13 326 205 828 732 37 898 437 
19 706 875 151 437 946 447 885 742 823 251 385 698 371 4 135 188 293 562 123 788 160 452 435 961 3 344 353 395 287 727 709 584 291 732 972 560 888 350 614 839 614 646 758 207 329 538 903 879 261 992 195 928 879 949 336 732 25 641 696 280 295 297 17 764 53 195 95 81 461 530 145 891 627 930 4 703 735 166 226 920 575 434 12 419 239 15 843 365 217 578 293 788 267 176 449 196 884 226 783 
507 573 182 189 870 742 773 719 972 568 250 839 558 630 142 549 429 567 735 350 445 996 250 368 824 437 195 616 842 22 787 525 737 794 265 328 430 447 871 438 465 125 234 536 615 638 371 873 551 456 378 955 680 91 777 589 588 876 398 708 235 904 688 742 938 622 376 130 666 250 460 758 583 351 511 874 875 772 608 30 124 189 735 728 302 53 184 621 571 191 314 125 654 581 661 825 637 293 864 909 
432 335 269 66 426 302 368 877 406 762 478 862 837 940 330 712 493 912 621 392 588 241 275 207 195 303 100 230 499 920 583 504 888 616 543 257 747 706 762 768 98 618 79 226 404 327 976 265 162 494 222 63 375 828 5 977 644 650 493 527 881 171 775 664 227 955 502 383 936 270 333 301 214 751 707 479 372 962 61 67 897 756 138 147 112 503 501 410 188 999 317 314 7 879 65 601 999 689 199 401 
432 421 201 497 518 196 660 944 674 868 17 243 283 299 886 981 732 957 380 668 575 858 600 956 999 437 750 216 933 515 135 673 192 420 20 718 161 857 591 610 932 104 142 369 861 658 183 556 140 136 375 363 450 849 425 524 177 524 265 952 754 66 188 82 845 469 692 7 275 318 19 505 138 959 351 199 253 801 252 840 772 301 242 286 991 387 577 779 280 128 308 974 887 145 435 8 705 120 698 477 
657 50 12 183 774 343 881 741 4 872 330 919 60 700 553 89 348 152 381 628 42 367 688 353 732 62 773 402 127 274 489 15 33 411 998 486 940 748 725 673 26 969 569 777 111 821 516 987 846 762 276 520 110 671 308 861 175 379 448 885 542 714 324 779 501 918 994 921 615 478 774 400 535 669 722 323 473 338 840 540 63 575 239 476 308 709 945 280 741 149 447 682 269 387 701 51 75 148 746 190 
358 735 130 905 625 999 337 218 76 641 916 201 539 406 240 269 472 463 204 203 864 495 935 636 974 686 916 34 779 380 923 682 263 574 204 439 872 907 260 75 197 563 39 515 713 381 500 874 797 393 539 179 224 633 638 253 500 342 540 362 359 422 867 835 353 656 145 554 779 476 450 62 512 501 634 408 803 558 134 717 464 481 955 960 555 97 479 239 749 108 672 711 984 851 749 249 93 301 163 568 
225 19 776 194 465 189 101 641 126 806 535 321 707 138 473 850 333 350 623 928 769 32 201 846 332 910 715 815 292 887 94 864 954 352 852 49 559 77 19 337 653 265 667 454 214 853 999 128 508 835 261 517 750 602 123 5 838 209 88 865 8 87 532 217 65 610 192 754 802 541 394 172 890 66 551 916 987 555 499 161 520 24 737 625 864 571 857 946 57 962 9 546 587 368 27 640 94 263 487 338 
724 267 15 480 492 348 770 900 736 455 967 44 609 981 61 835 404 741 82 526 799 946 836 101 915 187 140 632 664 541 125 343 523 582 603 379 384 622 154 458 544 322 508 542 82 427 653 770 339 454 411 474 489 190 840 439 801 837 856 623 954 45 891 888 648 836 776 423 654 149 198 339 562 608 92 614 137 907 465 202 917 341 27 832 957 456 496 150 729 273 287 976 206 893 95 986 443 712 995 960 
894 978 254 395 188 436 848 33 610 926 194 91 816 327 749 725 7 989 726 264 64 182 506 720 40 818 655 50 1000 52 868 569 435 73 511 502 979 674 963 777 564 662 633 278 302 22 96 328 645 685 70 342 53 630 153 355 693 644 152 881 315 475 429 850 229 267 800 454 491 469 602 710 21 132 311 504 234 457 614 903 513 504 582 557 697 413 927 409 959 31 444 770 693 908 94 906 461 132 761 195 
212 174 165 630 689 685 41 505 891 626 137 273 288 678 933 853 376 943 422 108 710 976 434 973 732 191 691 393 874 522 593 346 110 903 786 587 461 735 305 591 319 646 427 471 138 915 499 13 232 722 189 751 786 233 900 600 244 313 211 61 675 481 139 452 808 234 439 49 617 986 339 482 85 598 944 12 730 518 627 20 329 613 91 626 59 664 202 739 14 844 983 907 45 404 606 540 680 197 655 47 
955 462 313 402 881 233 250 64 394 201 760 507 797 300 980 241 877 963 928 939 131 829 198 210 581 257 159 866 791 148 49 970 665 645 369 976 843 931 575 666 535 539 922 908 630 106 622 534 822 271 776 59 458 522 341 110 306 719 604 417 651 939 582 110 486 715 298 163 140 355 283 995 903 659 644 340 146 862 838 239 149 163 851 962 995 857 102 76 456 341 917 13 583 334 699 97 598 255 887 512 
32 676 935 191 661 217 360 835 755 854 809 117 751 933 682 396 55 401 521 743 613 421 57 283 483 875 503 660 425 980 571 374 454 654 62 706 713 359 418 66 530 456 790 540 917 72 529 674 685 926 880 919 64 577 178 81 547 367 383 586 724 171 66 703 353 623 389 558 189 833 462 26 610 338 334 573 209 462 753 405 781 699 365 325 917 621 446 277 111 374 123 118 750 143 512 261 170 959 510 306 
380 713 40 100 488 897 739 858 418 242 304 548 276 762 840 893 621 470 619 160 941 486 218 277 172 452 430 789 258 407 616 839 236 618 514 176 252 861 591 999 982 884 180 244 634 516 723 265 713 824 703 682 692 562 492 928 478 537 987 741 742 464 403 358 358 313 625 36 583 373 345 126 632 606 706 682 316 803 829 979 514 746 34 86 993 985 446 909 92 732 38 451 835 790 986 69 862 929 1 201 
182 50 906 241 125 668 871 420 930 36 401 756 409 91 698 447 2 774 705 991 605 529 982 357 18 692 414 80 480 685 54 425 36 96 391 618 154 882 755 552 744 985 623 72 41 745 204 999 602 539 565 166 238 668 472 462 58 346 936 139 146 185 885 262 745 294 159 802 648 735 318 135 911 220 567 129 956 787 406 296 84 866 977 719 490 39 267 625 794 551 96 863 567 952 670 901 793 384 702 770 
626 801 70 138 1 751 346 136 587 644 232 145 356 500 737 922 949 658 670 133 155 521 293 648 14 485 529 964 220 134 997 528 250 633 562 610 233 788 490 978 601 119 853 867 315 541 228 233 892 757 132 933 37 700 217 94 69 258 779 228 272 773 946 144 16 974 680 537 743 339 955 191 153 281 282 550 856 143 724 704 976 460 504 83 697 637 315 719 747 579 233 399 775 750 223 450 234 541 857 910 
729 947 226 795 128 26 735 350 905 330 26 812 168 344 834 430 661 90 621 273 192 465 998 706 855 308 132 857 14 649 480 210 429 902 16 957 699 266 199 599 530 182 944 232 514 463 139 127 918 892 879 521 78 665 109 689 722 341 597 871 467 785 58 201 994 106 712 833 672 1000 201 269 901 453 942 755 301 255 256 453 415 26 824 312 538 803 292 438 301 174 120 120 288 466 2 829 495 104 592 880 
415 890 266 270 194 33 371 991 602 345 229 319 248 777 251 829 516 325 906 735 250 335 948 220 382 23 811 416 833 214 522 499 995 376 670 77 224 734 664 794 440 471 484 876 36 80 754 993 536 318 845 552 203 147 150 235 767 406 494 263 420 797 663 913 965 779 2 183 84 787 463 793 293 790 695 101 569 195 542 3 24 606 71 858 914 109 895 831 327 701 508 995 867 295 862 762 832 376 231 301 
64 474 807 228 589 428 155 554 371 873 490 376 567 770 321 109 4 604 27 891 583 199 23 898 455 578 798 580 546 887 686 223 356 806 569 949 113 862 49 153 469 597 349 769 281 514 917 146 935 516 909 713 921 499 150 705 322 638 619 591 913 444 275 60 233 522 336 302 286 902 135 481 998 868 862 171 122 208 106 703 726 102 118 32 136 683 662 162 542 533 435 148 549 193 171 862 333 167 973 256 
438 226 681 385 688 933 200 533 773 975 151 710 830 381 168 204 524 629 756 119 503 41 620 390 720 586 719 567 611 770 152 747 53 561 738 559 844 915 747 437 174 868 328 490 945 283 576 510 255 644 816 344 886 446 993 383 160 516 215 128 399 957 311 118 410 738 666 177 502 331 688 371 725 813 672 795 272 395 114 399 286 304 422 137 78 78 578 527 219 466 528 584 423 683 769 67 876 718 445 389 
169 985 926 169 393 237 898 757 686 328 875 681 203 543 471 320 522 6 887 227 505 523 185 67 267 614 208 507 870 531 427 258 418 844 836 339 848 781 476 269 977 545 657 7 917 851 491 38 478 319 825 87 343 940 443 919 453 413 531 922 75 606 326 891 762 893 722 362 520 604 658 119 711 762 913 536 449 499 690 157 959 802 770 528 724 692 553 312 812 246 897 271 872 187 524 139 769 948 16 370 
579 668 957 520 385 5 215 67 437 30 102 681 683 21 255 155 415 202 630 762 555 370 449 425 229 998 895 385 112 797 467 525 940 868 791 7 369 871 107 145 729 899 413 775 297 512 763 88 799 470 577 714 753 340 863 444 566 545 522 330 444 781 345 181 520 6 75 930 681 943 92 548 886 500 490 640 304 897 676 540 747 487 65 559 137 312 773 256 163 178 285 896 904 99 990 524 468 266 141 724 
562 585 786 553 130 837 508 387 649 191 25 84 34 302 848 862 311 527 896 352 358 574 995 642 527 301 756 786 532 904 665 142 909 82 978 247 392 955 335 962 612 422 962 958 853 932 224 874 678 868 120 288 185 936 795 577 502 332 335 253 696 392 867 879 902 502 476 717 831 302 183 440 504 990 538 299 582 293 925 33 53 849 103 607 504 944 645 452 132 859 769 888 720 861 890 901 273 620 188 988 
421 489 875 743 113 828 837 758 531 603 981 311 402 435 247 404 936 419 141 442 939 838 508 316 253 990 954 524 160 724 516 111 980 177 671 332 258 346 139 846 938 544 858 729 876 578 487 742 887 825 231 396 640 261 712 86 596 290 56 919 235 723 620 978 168 28 799 839 678 774 475 584 91 3 891 439 929 627 573 555 271 712 258 828 920 946 405 465 102 80 510 436 148 467 936 483 211 161 376 779 
582 760 830 247 941 277 293 52 748 718 500 966 223 405 805 326 73 176 553 256 132 827 372 744 827 700 804 943 765 36 752 340 890 247 474 737 851 545 935 983 808 942 270 40 88 796 266 339 903 936 646 556 765 359 908 126 963 3 477 972 713 588 73 509 891 964 885 368 980 808 857 337 23 592 404 34 599 533 728 479 958 843 269 175 488 689 759 529 567 583 624 447 645 964 39 418 388 931 936 635 
752 54 7 464 953 363 983 872 129 101 241 18 713 969 347 622 887 641 145 114 206 87 249 326 953 441 967 763 431 780 426 819 222 689 958 72 96 533 747 179 359 914 268 691 566 538 684 86 595 113 146 478 803 696 199 354 750 140 425 318 129 107 542 935 245 974 743 331 485 195 935 786 932 47 381 681 400 866 26 770 470 53 259 593 584 625 50 96 124 921 868 207 224 774 197 137 69 1 705 478 
547 796 611 375 667 931 358 465 434 450 586 611 649 7 562 516 589 486 845 184 676 935 669 816 928 905 324 435 866 269 331 958 890 350 604 917 874 324 945 32 646 280 976 238 273 933 709 134 236 884 115 337 844 783 601 103 868 847 770 508 366 105 363 839 736 873 403 443 807 19 494 665 382 403 368 960 658 241 43 408 117 493 593 477 84 64 239 838 627 904 826 457 194 119 419 528 399 497 314 835 
329 349 673 424 76 415 563 687 453 730 137 326 553 141 328 576 638 256 663 208 982 783 787 351 117 756 149 387 1000 630 951 989 156 786 656 77 866 727 173 669 287 42 595 956 894 327 203 476 286 537 948 431 87 785 519 785 574 653 410 833 432 723 462 976 536 70 876 317 551 90 536 184 551 663 421 707 173 551 480 267 919 131 493 448 681 409 469 247 365 620 2 979 710 908 478 211 956 914 463 831 
367 910 426 749 587 376 776 14 467 702 704 9 464 629 966 892 526 95 226 696 186 835 386 921 561 920 585 551 219 70 77 65 379 391 454 127 12 510 658 884 888 976 828 284 276 34 44 321 844 939 766 887 255 172 259 766 645 176 779 539 296 657 459 767 806 102 287 148 375 219 33 750 265 952 411 430 331 458 89 771 36 799 632 505 210 579 614 668 932 906 396 247 145 199 69 810 707 234 83 413 
805 747 518 317 259 817 997 36 771 720 187 292 97 772 8 809 132 895 655 562 971 253 61 7 720 27 26 679 398 948 143 917 51 804 338 490 703 484 354 952 740 194 495 395 670 583 788 965 809 37 815 824 723 164 599 351 128 569 53 913 398 449 717 353 608 198 289 752 738 828 419 956 693 395 224 205 623 560 930 39 110 491 573 938 419 759 234 261 846 627 307 640 832 634 15 120 142 766 868 445 
319 293 287 600 257 782 738 588 734 247 389 655 751 736 903 996 382 562 768 961 985 113 737 725 618 84 686 323 658 233 252 729 785 423 931 251 57 336 690 469 527 400 171 783 148 724 21 779 968 344 691 40 299 927 417 447 781 100 351 213 673 663 357 319 741 2 406 588 644 965 769 6 183 365 503 997 119 987 77 608 631 275 311 562 3 948 973 75 512 102 218 808 183 801 553 738 919 101 174 409 
7 434 33 673 114 322 737 80 660 121 436 853 177 191 47 317 729 765 266 685 128 663 78 308 107 796 932 948 518 952 213 168 262 100 62 11 33 280 598 861 747 461 350 768 772 163 619 520 464 6 714 732 33 659 454 52 436 110 250 834 188 823 200 818 342 53 405 781 617 708 301 509 75 866 218 302 587 426 701 23 993 373 757 324 596 268 211 236 840 881 187 971 603 479 726 537 170 664 701 335 
885 42 836 747 845 651 764 53 610 872 47 907 29 961 772 905 791 206 57 641 561 217 920 156 125 446 915 708 855 521 895 699 366 765 576 506 893 828 924 745 916 754 233 924 744 190 356 917 924 984 547 874 369 889 927 925 462 766 306 855 877 955 571 462 539 628 141 806 783 765 220 959 571 501 94 52 342 391 658 412 72 596 610 282 48 800 948 149 94 400 949 537 178 211 338 21 820 774 169 291 
194 135 514 44 743 846 376 576 120 980 972 770 80 957 757 699 247 452 280 486 254 943 572 308 787 270 887 569 910 455 529 56 564 708 48 821 976 509 778 917 325 211 706 935 701 530 983 959 83 145 141 395 911 612 520 971 447 831 556 100 848 28 653 515 672 226 262 290 358 996 126 571 661 144 705 325 572 260 943 61 353 468 584 199 488 319 151 365 750 75 287 754 279 103 983 131 371 371 787 294 
638 383 485 884 380 801 975 468 413 50 925 165 696 825 351 393 642 497 621 298 673 691 455 483 668 472 179 630 479 883 569 586 972 554 395 817 482 675 485 857 692 179 319 826 86 261 901 674 292 541 146 298 231 268 977 562 564 97 339 788 287 187 908 987 253 217 321 735 190 312 5 641 629 507 30 3 374 927 982 218 140 963 41 605 241 224 691 867 908 590 119 977 209 800 771 53 612 810 915 59 
557 350 515 854 884 13 747 5 163 404 878 161 493 462 801 84 167 223 932 744 21 242 292 996 72 843 712 710 765 377 191 399 785 723 404 907 270 956 297 600 925 494 422 941 465 3 2 17 631 706 195 665 447 286 665 721 376 496 862 244 99 398 500 171 27 664 488 995 837 398 784 83 914 900 25 871 62 691 897 694 787 196 319 777 38 222 371 672 151 922 965 208 869 370 181 487 769 112 863 391 
713 597 1000 907 252 289 961 175 928 909 916 885 528 361 446 365 716 530 825 943 491 790 801 27 18 561 839 963 632 679 732 787 154 954 575 237 673 570 154 507 776 961 750 829 808 895 881 461 398 621 727 397 149 738 653 507 509 133 483 499 417 598 808 76 67 174 114 140 968 703 544 135 347 815 368 341 33 42 881 928 385 522 129 637 776 48 811 337 675 965 332 706 831 451 448 185 866 448 667 625 
400 463 775 552 378 434 779 361 255 831 294 687 809 280 130 230 764 379 11 484 759 282 139 121 366 730 580 919 426 368 820 382 285 627 193 32 213 681 380 813 947 247 522 226 801 584 364 501 41 137 360 356 437 381 27 23 286 172 159 777 81 309 986 901 550 668 625 820 619 730 520 994 191 75 786 808 738 143 538 187 632 416 18 520 889 5 791 95 763 980 803 340 858 303 801 77 833 833 197 435 
861 589 124 883 430 269 226 579 838 736 105 752 859 495 578 378 542 481 448 399 342 696 271 387 430 722 438 330 450 808 673 337 396 298 109 289 621 638 383 608 659 384 885 151 705 549 943 94 25 789 85 834 91 102 671 379 370 782 868 808 772 53 446 348 898 370 496 301 779 877 9 311 932 271 101 926 756 119 744 696 446 714 53 296 614 119 566 662 716 681 332 622 845 70 888 928 170 437 976 335 
130 182 394 968 324 277 951 812 581 851 860 589 237 816 853 602 545 548 820 353 393 628 445 521 456 659 474 307 27 790 448 726 348 464 206 138 191 273 415 16 283 8 113 836 198 845 873 323 995 852 144 346 557 581 429 843 169 615 405 251 625 904 5 465 803 195 132 255 961 236 747 839 569 317 642 446 579 176 140 208 43 99 191 509 544 57 513 170 89 556 68 981 180 807 487 366 893 376 995 930 
136 122 313 800 678 780 841 609 123 603 195 77 759 722 664 848 340 605 414 696 720 398 625 877 432 75 846 612 536 627 18 697 745 726 316 388 278 653 715 962 839 40 362 38 198 536 495 140 914 974 874 783 910 740 219 552 620 923 845 906 500 646 565 973 923 509 604 665 574 963 18 71 412 200 247 889 281 867 733 143 632 22 38 323 781 872 240 569 850 219 469 88 134 458 796 17 729 45 492 427 
530 724 53 597 104 435 453 2 787 202 658 475 679 876 138 229 948 93 854 327 437 557 919 441 338 999 180 581 987 989 458 766 173 917 31 388 367 54 936 602 701 365 478 674 86 206 203 35 563 646 230 892 271 976 391 210 413 554 362 476 685 37 841 278 955 478 679 397 707 107 890 299 241 290 825 860 142 176 852 574 859 332 688 962 46 175 236 15 644 416 821 375 759 117 723 266 273 123 654 2 
615 854 539 816 117 24 779 900 368 436 507 659 292 745 695 20 231 667 595 419 622 282 468 872 918 309 820 665 639 402 930 16 159 38 848 560 741 123 58 638 340 454 36 915 79 733 392 318 675 864 232 611 920 287 277 590 453 819 886 855 337 945 690 902 716 539 702 692 93 434 6 247 582 710 634 901 628 972 425 947 897 615 628 800 963 229 872 659 8 277 411 694 173 932 353 214 592 888 922 575 
44 287 992 828 739 854 947 916 904 130 677 493 731 163 131 247 93 975 126 518 153 69 599 336 259 582 760 506 906 654 169 515 794 434 583 346 791 496 235 730 68 13 681 571 455 461 550 745 880 972 425 572 188 725 634 551 343 167 545 549 954 115 547 332 272 38 721 774 377 228 296 731 574 647 144 616 812 381 331 11 775 540 756 559 30 662 241 490 975 319 343 181 148 219 262 396 639 299 436 991 
442 260 255 753 666 593 572 357 331 799 158 919 779 460 682 895 60 187 198 280 977 533 805 164 444 870 809 971 602 457 112 650 835 749 143 886 575 835 373 456 529 270 974 892 155 298 258 99 655 591 764 578 236 905 366 711 506 315 160 885 521 68 345 244 14 517 774 929 392 743 758 138 707 418 956 782 580 312 471 832 775 891 409 703 24 158 78 940 159 598 400 242 152 117 937 151 276 707 108 444 
121 134 699 972 534 699 548 887 285 175 824 476 111 362 455 949 185 183 863 902 91 569 111 998 914 380 802 251 790 557 104 878 906 286 480 855 286 947 580 792 111 289 269 335 668 14 436 443 772 529 212 240 995 616 336 770 404 133 279 340 763 546 30 871 357 384 969 103 580 248 371 97 331 257 799 515 706 511 204 247 452 16 61 585 539 731 504 587 480 989 745 349 777 671 341 975 744 732 954 752 
441 275 751 358 668 989 626 143 395 613 275 831 538 753 750 629 159 667 584 930 433 185 411 953 277 209 900 500 839 286 325 91 244 673 582 360 493 619 822 957 361 673 992 963 79 614 946 99 418 77 279 549 5 375 116 849 357 940 646 47 741 160 136 622 800 500 526 747 591 429 774 266 176 493 729 622 482 820 834 716 517 939 731 915 122 77 156 789 744 248 374 523 848 536 449 205 410 730 593 458 
176 101 372 789 213 167 871 481 66 378 442 75 525 417 906 631 913 660 232 362 336 840 425 446 445 478 110 450 989 95 811 242 369 915 371 957 153 261 418 339 206 429 220 972 986 329 586 636 306 569 298 572 257 372 955 899 587 187 959 559 378 616 123 621 439 649 799 604 498 337 552 43 21 1 943 322 732 139 702 412 431 864 734 592 170 591 455 752 940 314 509 593 497 798 59 277 863 602 105 209 
468 913 114 625 595 878 45 773 590 144 965 908 816 783 599 39 516 373 216 293 53 637 677 107 732 327 414 471 674 488 654 101 394 786 971 85 571 849 164 684 314 582 417 336 630 900 982 328 16 368 204 895 564 126 24 321 596 277 100 434 458 318 343 869 195 187 377 198 436 596 674 640 947 536 539 991 825 530 898 569 632 583 891 159 33 595 857 942 500 633 974 858 667 475 891 542 433 467 204 436 
846 615 728 875 634 50 920 318 605 234 410 812 82 17 817 539 453 116 840 492 514 419 955 153 833 340 251 895 115 733 954 319 38 782 327 324 691 569 571 765 617 178 411 811 184 671 157 721 172 286 725 436 742 6 882 432 147 339 987 684 63 311 834 280 360 993 278 793 536 664 940 139 580 636 396 908 223 498 846 107 12 271 492 893 998 160 782 65 182 759 723 647 767 843 375 903 801 110 541 245 
381 449 2 944 577 456 587 631 459 30 529 283 355 323 350 916 515 701 990 767 655 892 178 132 916 221 158 981 534 901 478 747 131 616 167 37 154 846 492 230 187 819 583 143 346 172 133 349 573 270 165 921 314 352 407 905 114 228 906 652 709 786 427 540 826 642 292 547 183 792 190 279 907 62 797 687 652 933 988 933 26 722 656 605 402 562 998 906 389 414 860 937 133 43 719 777 142 283 743 503 
154 88 666 294 967 866 498 131 550 527 57 167 784 952 195 528 227 352 757 546 693 696 374 376 395 283 622 439 409 408 780 480 382 156 603 176 883 152 508 397 664 871 821 927 433 502 336 589 893 264 580 552 692 957 280 142 261 608 462 727 871 299 756 229 13 331 216 192 892 154 441 140 891 35 794 127 509 628 821 788 333 223 326 32 18 939 456 490 317 340 17 397 556 74 407 651 84 426 902 422 
727 215 482 378 646 830 608 648 840 803 546 503 969 263 373 848 76 980 414 484 593 331 965 756 967 502 909 664 568 682 918 183 588 993 504 274 727 857 187 228 263 363 454 269 385 34 217 590 826 292 460 147 100 929 821 240 773 158 33 951 974 440 370 289 382 697 937 681 621 996 534 447 387 6 301 827 45 988 890 261 846 974 658 18 913 815 80 970 354 953 980 901 589 803 234 435 902 177 839 791 
722 425 728 482 519 275 571 563 439 479 804 657 2 217 819 556 846 979 77 218 420 950 850 934 990 720 944 703 396 621 193 890 324 534 54 707 372 262 931 220 393 110 620 537 471 415 749 47 153 743 628 74 970 897 535 964 257 115 478 795 356 730 728 756 428 550 243 828 343 343 649 942 334 254 82 167 854 182 174 709 679 100 909 418 536 384 858 846 550 97 591 145 566 496 994 23 937 134 311 818 
844 628 788 970 244 450 820 188 719 618 5 925 793 983 554 641 561 214 621 123 191 557 347 353 333 24 592 728 488 394 267 230 868 596 195 873 430 124 826 10 620 993 884 855 265 732 195 367 12 965 864 602 10 433 28 925 333 688 579 301 517 737 578 794 310 5 176 876 512 187 113 91 470 449 109 560 49 825 107 651 71 762 692 997 71 59 130 227 639 271 53 328 191 643 200 959 670 53 417 315 
425 359 472 731 182 76 981 30 475 974 605 288 191 149 236 13 56 363 472 951 870 930 928 966 703 697 853 395 35 42 64 25 821 393 361 740 109 474 679 402 940 867 15 356 879 215 580 651 198 974 303 409 964 316 335 493 106 347 719 112 857 297 283 622 239 781 156 120 341 705 435 550 82 373 287 244 323 590 698 386 23 823 665 584 67 630 179 307 459 729 353 672 559 822 130 858 585 962 166 95 
731 871 956 725 926 165 744 850 679 41 238 772 281 193 905 190 358 465 584 271 493 143 714 194 133 442 62 840 351 181 585 757 526 202 777 599 414 862 627 249 41 586 953 288 376 112 358 872 218 432 877 814 632 979 814 763 686 672 11 630 435 988 792 725 354 966 584 623 682 498 659 624 355 313 891 110 372 704 562 209 387 84 440 558 401 626 174 339 832 411 820 958 471 686 266 723 571 409 912 858 
438 139 401 754 90 858 910 26 125 354 174 815 342 574 842 430 140 485 71 308 301 23 745 768 132 793 190 712 147 76 524 107 535 875 451 846 307 646 333 721 613 941 489 848 332 237 305 710 538 938 726 404 587 802 160 529 107 938 196 420 490 992 710 930 599 305 368 105 344 904 686 900 703 696 595 691 886 398 720 894 324 777 168 216 221 332 269 396 631 867 655 815 773 81 693 572 844 421 941 922 
871 799 625 120 294 417 104 790 554 523 792 739 308 323 993 99 637 88 22 969 986 881 813 731 434 374 823 968 874 121 325 424 675 573 906 661 600 304 513 144 558 658 48 255 163 145 494 65 728 789 354 834 492 268 415 34 418 150 389 405 213 424 56 486 400 266 689 636 773 684 912 236 254 168 905 179 638 134 633 546 316 878 622 908 972 425 310 446 594 850 348 543 240 165 124 385 267 6 177 74 
488 295 675 609 171 147 880 858 104 61 144 34 104 239 801 78 288 370 62 584 687 416 318 239 582 164 239 773 760 778 270 634 224 724 70 244 385 469 316 352 140 54 915 908 266 787 20 622 560 821 64 978 544 354 382 502 179 87 68 341 870 461 570 250 332 807 365 132 801 488 751 125 140 666 592 568 208 799 735 360 69 578 149 695 796 900 933 721 133 105 220 149 351 717 683 276 677 67 661 846 
461 820 722 691 436 471 375 337 108 173 574 580 296 832 834 886 72 493 917 918 17 293 861 257 631 524 526 607 183 526 794 646 894 647 827 297 619 34 350 177 788 514 23 122 340 799 335 192 275 471 402 252 769 731 626 236 29 199 529 89 419 620 191 822 879 335 214 365 497 680 632 271 416 788 654 161 788 83 148 571 214 166 619 761 275 64 408 215 138 664 468 880 1000 281 411 777 55 945 488 100 
893 110 423 712 695 130 408 298 572 13 327 496 374 705 898 844 199 35 731 410 94 423 261 603 447 118 859 707 484 408 644 413 848 499 228 23 396 835 273 639 751 447 186 145 860 342 470 701 313 163 686 525 953 20 212 738 537 775 148 177 258 415 309 254 542 414 427 762 333 809 658 272 362 850 361 40 49 163 368 722 582 232 813 962 603 436 931 74 317 880 421 496 422 677 80 700 917 153 951 438 
111 554 803 775 508 141 382 798 63 573 119 401 821 297 603 344 285 608 833 256 304 604 463 264 162 633 293 248 896 881 618 786 1000 941 573 426 634 404 392 390 93 483 919 924 183 519 452 120 910 342 578 987 223 955 187 684 934 147 214 417 424 195 542 4 868 684 130 423 282 759 835 6 500 310 458 586 969 728 182 590 521 710 997 874 691 937 737 440 889 826 550 953 233 891 725 881 1 501 889 96 
672 422 868 861 397 662 144 804 628 694 662 829 826 627 949 652 71 424 910 537 296 129 765 889 360 603 764 965 900 422 644 195 200 455 1 362 251 286 665 822 252 687 187 830 837 98 990 167 786 223 451 706 317 772 414 248 496 286 331 242 92 268 462 514 934 814 766 436 962 241 315 99 418 877 814 353 153 430 845 718 806 469 525 663 766 89 270 232 24 549 565 52 977 529 940 593 36 446 717 656 
216 380 781 267 995 48 962 72 256 992 716 378 906 299 35 922 232 336 725 509 246 594 602 312 745 586 323 559 487 571 194 721 300 529 432 297 790 717 7 454 210 265 33 255 368 789 583 991 441 345 605 625 122 733 521 360 911 402 381 39 880 987 966 369 683 996 588 778 246 518 396 925 938 606 931 884 889 759 496 39 575 81 671 384 912 111 975 42 568 315 230 542 417 38 620 198 888 861 452 1000 
805 103 872 690 644 137 506 875 935 681 514 877 829 792 338 997 691 608 216 934 6 583 967 862 852 27 250 71 553 124 246 827 978 608 848 685 214 813 84 28 153 549 694 139 97 874 759 195 51 156 694 331 992 197 439 305 699 51 742 807 925 982 9 88 397 960 500 814 535 987 27 63 610 484 739 170 9 718 118 241 770 847 870 319 708 591 911 38 641 467 574 861 348 206 156 486 8 803 88 317 
520 304 617 983 85 774 631 653 830 365 679 618 991 727 270 918 210 250 347 930 441 759 795 872 514 307 614 127 446 211 724 198 896 523 417 824 392 558 483 255 91 787 5 374 257 535 982 504 636 778 590 236 224 347 122 78 165 705 374 960 116 733 317 617 369 955 967 443 326 38 58 525 931 112 768 871 50 373 485 499 574 992 401 439 890 260 300 915 651 350 249 849 698 147 705 106 374 700 505 617 
786 878 194 883 656 257 509 729 349 81 830 89 126 266 285 663 207 118 890 528 965 417 516 155 300 320 139 850 732 385 464 606 214 542 641 978 256 43 29 708 939 1 326 616 162 53 342 170 216 928 757 958 439 935 593 388 851 765 250 136 254 173 20 187 469 288 144 307 822 529 615 975 832 861 398 339 821 32 152 634 521 224 954 230 277 80 926 263 88 34 533 407 752 737 404 407 420 835 145 503 
387 492 509 117 560 546 16 903 649 525 717 526 552 351 250 899 241 295 306 77 605 571 715 215 364 273 47 59 752 156 743 816 205 516 1 339 195 259 395 226 699 462 891 825 465 269 49 378 806 619 290 158 434 675 360 274 463 24 309 398 47 914 613 866 961 832 156 909 717 112 283 741 599 321 208 570 723 524 450 665 862 381 203 727 999 19 660 882 619 735 586 591 973 377 257 585 860 303 271 11 
971 281 776 519 211 743 775 444 628 654 368 863 876 224 598 601 267 945 1000 492 479 801 369 606 576 74 399 169 562 549 805 128 836 801 230 419 951 993 294 223 485 36 431 255 637 904 727 222 876 572 690 45 587 572 608 403 770 41 197 388 611 210 556 840 362 206 617 432 445 529 589 893 1000 538 365 283 158 392 752 666 629 902 53 246 306 289 51 323 602 330 428 545 63 341 741 386 121 703 534 399 
93 604 538 612 647 816 381 287 385 522 872 639 170 202 456 587 473 755 697 811 520 604 539 974 752 930 344 1000 159 281 177 502 548 71 972 839 694 309 376 951 231 681 913 411 213 233 184 885 188 390 712 778 944 925 430 44 904 420 225 956 287 795 695 970 361 809 756 948 297 169 231 208 642 985 471 632 540 383 684 714 62 869 828 692 342 101 94 24 863 909 471 754 205 820 808 152 473 454 388 893 
266 60 265 739 716 422 955 982 155 476 912 834 876 407 168 358 553 375 469 177 392 102 171 797 332 420 716 392 108 723 285 532 641 14 835 509 634 829 393 742 203 699 593 198 847 837 745 999 122 563 76 588 758 436 554 25 469 546 345 200 321 547 614 605 994 370 348 230 596 581 367 586 663 35 596 122 776 835 502 204 291 134 169 661 441 553 315 601 863 612 689 98 23 852 93 769 552 127 487 643 
388 47 564 691 862 375 91 313 876 314 181 391 598 462 692 443 886 488 119 593 964 344 79 656 933 553 649 415 232 480 866 873 821 728 373 172 317 755 552 399 594 725 109 527 814 922 12 969 648 239 799 506 763 530 421 356 41 626 710 816 926 511 469 618 793 303 663 284 578 627 986 852 924 188 8 140 625 810 690 765 21 294 423 385 661 334 958 92 951 557 529 325 460 293 18 818 546 359 945 316 
715 576 46 79 172 464 282 921 435 213 685 894 244 42 794 28 175 381 133 446 491 287 530 905 709 887 707 397 690 669 775 24 359 649 763 596 735 554 7 979 44 528 416 47 459 833 273 493 884 736 826 682 836 243 594 106 908 56 266 201 331 476 101 37 728 363 594 20 579 111 623 860 506 451 730 433 962 517 267 785 621 141 948 626 601 329 509 15 131 863 655 796 998 91 235 154 608 979 294 952 
122 971 23 629 236 371 315 872 983 55 750 762 503 2 383 612 3 193 576 907 864 388 772 884 742 859 680 955 561 687 206 891 514 747 336 424 314 182 512 762 86 801 434 34 120 529 112 755 601 797 784 201 457 351 592 144 232 981 155 266 733 261 144 527 83 485 269 52 287 209 135 338 814 675 323 818 435 603 411 498 151 268 858 263 965 925 995 957 130 531 428 245 419 790 531 115 490 466 568 581 
877 253 26 109 179 514 981 767 797 413 586 863 383 496 652 937 483 754 628 213 993 994 618 222 472 858 546 450 613 460 882 866 234 183 76 940 617 300 103 445 126 646 104 40 972 94 320 791 325 985 151 653 373 596 828 168 308 882 588 970 709 610 604 471 207 703 859 687 14 881 557 414 445 510 691 347 742 926 944 144 766 496 436 949 747 902 838 729 911 793 222 733 350 642 210 160 621 851 821 685 
333 614 448 149 570 609 294 84 560 350 633 26 532 537 963 396 568 944 780 174 933 433 434 359 674 896 266 410 689 765 465 468 699 99 526 939 79 532 271 791 949 465 996 159 353 205 992 58 818 947 265 367 230 696 29 561 433 48 683 337 40 848 572 507 371 424 219 413 352 434 17 777 52 325 409 204 907 274 248 834 713 199 775 410 380 387 317 803 130 151 620 284 507 283 689 949 921 114 460 592 
202 482 251 540 971 567 441 455 966 961 623 264 672 233 200 237 890 274 31 31 201 751 756 13 505 357 803 28 888 148 499 136 182 508 450 107 882 608 900 792 906 796 246 226 899 550 399 676 396 670 954 219 607 705 878 116 935 451 913 18 963 550 905 547 705 738 101 993 289 918 266 429 94 339 245 71 605 324 791 160 208 418 39 656 939 204 98 28 313 89 635 559 989 24 615 17 374 332 250 764 
165 780 378 424 918 619 315 559 198 758 690 955 105 710 843 810 780 510 793 60 240 816 723 554 194 472 541 116 91 286 320 842 412 241 790 833 790 490 257 517 675 732 793 701 975 205 254 831 336 962 194 523 596 524 71 199 509 370 600 659 937 218 720 401 205 826 261 690 245 914 188 751 126 786 339 226 935 328 532 460 908 368 351 259 922 627 475 542 458 864 123 443 130 772 576 366 474 584 338 932 
863 388 736 19 223 529 511 389 128 17 99 743 669 422 820 496 903 421 243 490 903 150 388 792 372 638 152 538 271 711 540 576 88 443 706 462 633 233 288 263 413 402 447 516 247 568 828 825 794 635 66 633 414 200 343 153 970 633 16 569 823 234 845 776 693 629 50 940 422 837 76 234 662 216 465 830 942 347 694 852 691 491 343 600 154 162 682 175 784 653 36 321 412 442 965 948 536 266 362 833 
511 117 580 73 245 933 467 630 472 306 663 13 235 604 823 773 778 482 197 480 686 90 686 561 973 158 671 809 666 904 514 507 770 426 884 601 245 351 606 924 503 794 944 627 615 502 785 200 278 982 198 801 467 674 15 865 556 596 649 621 795 888 193 861 234 742 474 745 244 682 900 582 538 141 99 734 494 37 159 375 221 220 23 459 356 777 12 999 356 653 464 150 46 271 223 117 630 132 546 844 
650 783 113 668 744 768 939 873 580 277 98 329 175 804 409 289 508 516 234 432 514 97 30 727 507 44 107 19 322 185 40 274 391 640 630 198 436 152 614 884 926 736 873 720 676 892 341 632 621 755 148 545 385 331 690 768 372 338 728 112 199 422 559 74 700 216 94 973 271 373 882 528 145 350 98 606 418 440 967 531 487 594 382 883 897 776 472 867 805 960 946 42 71 72 735 757 165 530 408 633 
239 857 439 91 143 27 420 159 144 463 292 856 124 523 189 770 974 42 345 99 507 907 492 601 710 117 32 467 646 133 295 635 6 774 751 619 101 236 549 701 876 752 192 475 235 217 819 593 60 93 227 358 959 419 812 902 241 62 955 759 844 52 195 21 614 639 681 945 805 439 798 24 874 765 191 249 66 777 755 972 868 814 524 793 943 700 606 792 757 199 279 953 36 87 974 783 24 737 893 148 
576 581 715 256 379 255 412 100 178 72 88 997 707 443 85 22 742 856 468 475 668 237 588 207 996 666 39 663 49 251 340 735 362 88 734 616 305 311 485 387 234 721 262 469 371 780 159 74 697 432 137 87 227 878 92 957 912 82 598 537 585 541 608 779 120 569 159 295 116 608 916 663 236 93 155 350 288 296 683 725 847 19 740 560 200 900 135 655 559 520 593 385 745 496 325 281 476 677 781 572 
119 799 472 608 674 890 77 13 522 232 97 882 948 635 851 373 181 86 300 74 802 624 228 432 637 784 997 253 185 553 510 594 873 474 125 30 422 816 788 530 572 491 591 630 391 478 833 438 257 460 113 756 635 864 617 126 395 916 680 830 843 145 186 331 297 665 30 689 54 268 965 978 539 650 279 427 493 720 246 401 374 332 349 749 849 282 913 445 1000 433 72 495 751 56 779 449 428 501 191 827 
435 244 773 407 220 101 619 639 441 974 825 753 733 216 490 713 354 95 722 458 616 565 854 560 869 712 976 166 868 135 281 527 626 685 180 820 328 949 961 552 348 537 452 75 398 424 861 496 125 834 684 516 721 489 411 104 223 580 299 481 360 775 481 854 640 865 485 395 995 973 183 534 625 329 711 592 775 665 434 132 227 22 365 276 335 775 429 965 196 172 572 912 862 482 400 586 828 876 791 190 
379 862 728 803 795 814 71 900 23 84 685 248 293 199 231 949 86 999 620 133 867 756 927 582 581 157 518 579 948 691 550 495 718 498 336 191 273 705 518 515 131 927 370 598 679 712 439 365 360 641 156 498 615 814 771 506 310 12 74 612 109 147 172 689 985 706 945 356 137 399 974 620 252 888 61 895 263 518 838 873 839 342 346 913 110 485 985 814 933 753 233 295 542 368 493 835 823 188 317 939 
491 272 376 289 949 411 462 551 654 855 208 472 207 214 453 302 228 901 476 494 435 455 116 328 271 520 294 9 127 353 725 146 174 594 345 958 233 819 399 251 332 290 122 241 439 842 427 628 27 64 668 999 449 274 154 43 779 491 946 888 926 162 78 579 539 850 152 597 580 756 747 547 965 496 526 17 200 152 654 185 938 655 661 796 498 395 900 78 930 632 583 325 90 747 209 525 100 999 920 898 
50
10 15
76 74
15 32
19 54
35 96
70 5
18 76
78 39
18 81
40 20
8 97
35 86
26 36
30 28
14 95
38 21
39 73
89 81
15 63
47 69
9 10
90 82
21 13
34 10
12 76
86 85
79 72
36 1
10 26
74 32
83 96
64 45
76 54
13 21
68 40
75 6
79 29
90 30
1 34
7 47
85 51
20 34
83 81
24 72
60 65
99 34
91 29
90 4
92 3
51 93
