46
14
193 817 807 380 303 403 40 494 87 785 988 926 588 859
72 291 580 476 86 596 523 182 460 210 872 192 967 318
78 710 70 684 516 313 597 641 194 508 28 418 24 251
903 259 571 998 424 412 895 830 767 551 91 463 793 285
319 83 752 1000 56 943 686 598 102 632 588 165 440 293
113 323 473 463 371 773 415 256 272 796 350 669 541 997
197 719 758 692 463 322 857 162 632 771 2 812 41 31
265 902 612 825 610 167 369 587 829 740 38 740 987 140
195 868 288 180 495 864 509 265 251 580 841 673 793 827
879 754 385 320 611 281 159 507 7 367 730 94 184 994
300 153 844 102 884 559 419 521 11 681 553 577 285 86
976 314 463 314 820 230 241 958 410 128 601 395 702 511
358 4 191 432 132 76 582 332 280 277 4 349 323 163
806 465 844 406 417 699 450 286 477 180 28 612 403 154
12
352 600 308 747 388 872 640 911 584 206 194 268
245 977 884 604 306 3 561 386 523 410 245 520
490 688 872 398 622 90 86 164 300 324 681 102
219 795 450 923 269 277 717 569 443 826 706 92
511 996 450 306 397 24 662 776 68 413 968 186
314 817 678 896 387 607 314 545 215 481 949 227
198 626 684 760 634 12 976 799 203 468 212 618
98 991 56 898 718 735 689 50 468 434 189 957
683 183 288 188 602 674 655 678 279 957 591 865
889 462 210 670 852 371 297 149 452 666 316 880
300 906 221 623 539 35 401 633 408 148 45 918
778 470 928 804 561 849 92 699 831 173 909 894
5
962 884 657 907 585
668 323 352 95 1
870 492 793 491 62
902 619 31 457 455
104 937 57 423 159
19
22 867 878 330 978 872 19 778 849 362 238 368 202 108 802 627 706 537 56
91 814 405 280 600 915 337 838 359 507 314 56 992 483 2 792 775 326 504
337 688 783 323 76 916 433 257 133 730 418 404 927 527 728 185 87 805 702
333 468 347 526 529 791 818 769 573 533 59 918 37 164 481 640 96 755 50
911 647 646 960 5 485 796 930 829 243 137 957 289 962 130 218 328 836 121
881 990 643 532 906 380 747 813 794 630 702 163 17 264 935 992 383 89 414
124 353 407 299 250 168 956 553 755 805 60 375 834 378 242 683 748 300 359
595 915 167 931 228 653 945 1 651 298 693 233 219 61 13 27 26 479 553
484 459 580 743 564 719 981 227 356 823 310 801 935 745 86 867 205 704 304
420 896 960 770 19 767 868 623 759 640 766 946 183 34 828 617 603 985 983
824 894 706 444 399 827 899 616 258 23 562 145 151 29 135 337 495 566 18
103 108 283 713 350 199 372 479 121 983 368 89 384 394 440 285 732 231 598
296 797 796 975 884 845 574 194 196 633 663 107 447 940 55 687 38 81 848
420 547 733 834 480 753 133 161 916 940 436 47 698 38 286 924 262 94 495
745 748 642 607 902 815 667 991 136 205 469 279 410 959 124 848 354 600 781
285 637 717 464 858 839 487 244 109 717 499 152 432 596 888 182 514 547 755
546 410 971 657 826 993 676 766 431 995 857 40 673 239 403 790 602 648 405
619 78 356 405 539 988 550 110 222 193 491 156 727 830 533 622 468 949 394
426 999 334 41 249 57 305 448 26 904 571 616 353 349 910 206 63 115 66
19
320 765 230 870 203 792 395 968 220 54 35 798 363 526 957 460 388 71 970
701 815 552 217 768 977 961 943 223 946 890 978 680 150 889 883 420 833 136
647 209 397 21 253 688 482 571 668 942 188 825 738 437 513 656 52 110 401
791 713 635 914 992 422 731 806 220 788 369 649 478 540 454 134 244 533 310
150 755 430 884 971 262 362 694 744 418 484 812 890 475 543 597 253 283 339
739 672 515 985 477 859 246 107 448 441 695 666 840 641 323 763 798 774 241
497 425 105 490 288 600 745 599 178 60 789 409 809 997 496 231 655 445 846
193 509 98 728 357 683 648 465 734 31 665 879 467 598 973 463 25 393 561
633 848 536 901 23 607 973 864 644 562 155 961 573 448 497 152 385 282 160
402 201 902 288 635 108 786 770 666 525 367 869 689 590 683 284 20 846 217
703 667 99 673 580 692 720 645 380 907 878 784 862 33 468 470 352 190 285
761 52 116 850 917 729 397 527 168 152 323 296 459 488 516 837 562 897 302
968 564 298 769 69 986 232 247 914 44 761 372 23 108 664 392 597 93 127
132 905 267 399 194 614 398 40 79 960 855 114 86 594 587 873 806 395 840
730 562 23 972 708 844 85 706 8 248 263 30 480 129 251 314 164 146 235
384 913 424 320 263 16 411 625 791 702 757 443 646 622 706 473 718 868 369
525 347 738 689 969 210 547 21 492 970 839 763 863 659 196 174 808 809 610
822 231 455 853 707 989 82 847 426 246 31 805 566 692 87 654 422 753 532
755 819 190 178 559 62 704 138 864 20 320 482 814 391 900 882 376 272 631
15
210 103 268 267 939 132 609 45 137 8 736 75 48 326 363
529 643 317 795 476 195 175 249 811 887 836 397 223 788 8
560 151 684 673 819 837 678 868 714 449 785 123 648 697 197
655 158 210 429 110 309 353 330 651 284 17 976 443 27 557
492 919 620 340 720 358 617 236 408 653 995 592 133 232 131
665 823 954 642 520 743 755 742 679 772 99 303 618 461 552
482 259 209 460 1000 98 415 691 68 633 87 731 939 366 478
601 326 926 170 259 55 394 242 708 335 485 355 999 5 26
997 991 902 687 347 476 366 28 407 96 334 700 395 409 756
53 257 483 742 361 70 555 138 171 224 742 833 417 671 128
818 935 168 462 215 646 557 411 180 984 203 37 246 830 155
647 64 1 75 697 650 789 15 109 524 445 46 586 500 869
903 696 968 557 821 246 108 384 165 300 747 381 969 859 143
348 9 52 11 293 460 549 430 771 728 99 373 612 877 210
456 957 471 526 781 899 854 603 917 330 287 171 336 867 896
18
547 782 156 368 390 778 695 784 680 791 620 985 463 334 219 336 171 384
426 356 690 508 475 15 275 268 636 286 986 527 991 521 97 191 568 827
170 461 14 516 885 565 96 278 791 771 296 749 989 926 429 815 106 261
111 118 714 644 723 386 973 648 756 211 48 438 702 889 785 798 882 885
71 249 876 47 735 533 757 56 804 6 69 990 284 153 64 867 997 127
278 245 941 308 552 892 651 939 215 128 357 937 845 832 868 978 542 526
58 880 716 772 803 78 424 128 653 963 777 447 154 533 844 278 147 43
894 463 247 228 465 14 573 491 123 79 621 610 953 522 996 245 729 305
43 323 891 443 782 764 757 563 73 764 656 551 47 559 73 779 321 468
281 810 134 698 746 842 933 592 699 716 498 850 800 813 434 167 302 954
934 732 257 514 716 127 109 612 381 408 369 188 542 207 175 519 319 217
66 710 838 138 359 730 686 512 335 722 861 145 430 194 86 180 693 290
504 888 611 358 973 97 891 536 498 271 331 487 784 295 650 211 122 795
129 169 250 745 891 158 346 85 904 105 100 94 22 73 649 215 588 143
660 286 537 770 719 641 903 994 573 594 258 125 503 961 999 81 688 429
86 234 766 678 943 383 783 274 466 279 941 483 352 407 705 500 991 439
657 932 772 436 756 783 330 711 302 483 631 412 88 241 715 539 675 151
15 820 369 664 338 942 341 342 560 435 978 219 693 132 577 764 560 250
19
303 169 809 114 630 128 311 216 296 463 360 739 355 242 319 875 144 143 627
709 195 416 127 369 44 923 625 524 825 544 366 325 662 1000 9 967 674 741
931 82 175 217 760 40 6 84 310 97 369 298 844 363 281 892 38 4 731
798 270 849 405 160 592 454 409 556 623 689 663 304 752 899 300 174 497 64
711 228 910 800 13 589 660 701 859 424 183 718 295 592 920 781 205 90 967
293 699 441 287 673 142 22 214 343 403 786 522 46 460 557 886 84 622 331
869 661 20 994 998 90 434 914 810 119 173 783 549 864 87 191 339 284 90
829 746 906 20 858 404 424 107 661 830 422 463 296 165 183 856 63 147 664
668 352 129 591 679 427 206 32 39 911 29 872 313 303 314 698 945 852 375
138 662 261 46 900 466 496 872 534 902 388 854 872 408 891 449 336 654 703
839 773 295 192 801 888 896 871 741 474 800 527 633 136 577 617 694 712 577
267 241 635 176 550 199 716 703 46 310 675 832 418 255 592 580 194 618 235
828 419 550 556 856 423 895 333 757 697 490 483 762 351 53 402 350 199 257
675 738 19 49 173 505 502 51 549 263 381 939 744 630 766 154 124 565 10
951 41 136 56 16 252 288 382 915 476 417 71 556 256 188 992 425 32 714
246 314 12 970 982 787 655 476 919 959 530 235 278 902 945 229 697 99 192
808 903 945 581 693 83 410 149 240 183 988 340 663 176 503 162 690 251 4
101 104 564 319 73 319 973 439 921 283 36 126 518 228 944 862 382 683 888
504 867 773 716 823 410 558 14 479 740 214 225 178 634 213 166 755 950 329
15
992 535 214 659 757 585 328 262 451 262 601 448 565 595 989
151 158 151 918 165 498 715 284 281 860 59 610 542 384 410
604 631 275 38 802 875 223 276 904 768 644 800 419 47 405
747 495 820 968 610 94 861 244 77 460 516 373 166 924 435
308 185 333 561 663 562 936 409 44 492 10 291 378 371 470
337 27 556 172 187 879 992 608 710 468 694 279 754 311 41
304 965 937 123 860 760 335 803 908 681 597 322 164 84 425
154 765 845 762 916 827 39 542 693 78 952 311 878 314 963
291 336 855 758 765 33 615 228 714 580 538 520 92 637 308
163 121 736 932 663 150 237 127 614 421 115 43 207 215 226
815 251 184 739 161 825 312 610 921 896 886 507 866 194 371
129 438 193 555 341 534 710 761 55 290 787 858 837 546 184
513 478 322 718 924 587 840 226 602 791 528 949 901 443 682
119 629 727 764 287 360 186 312 170 362 8 885 438 781 768
69 697 537 802 970 486 538 222 849 712 650 385 484 685 45
9
475 306 909 322 646 637 97 474 963
28 644 816 146 132 967 41 474 332
44 124 587 420 23 897 556 16 239
193 813 21 484 966 710 3 269 565
780 985 199 772 411 716 76 650 536
756 193 949 139 265 65 557 910 259
407 397 310 717 51 921 472 788 832
38 625 123 799 413 472 290 957 632
213 406 298 340 364 749 7 437 486
19
936 784 543 663 919 288 497 840 521 177 924 397 162 510 425 17 884 373 576
933 138 889 252 168 164 616 494 328 1 484 63 172 568 991 14 636 0 532
345 308 866 112 308 623 304 547 636 209 674 58 455 490 371 868 743 841 527
104 507 703 887 477 220 372 183 372 395 598 655 965 850 953 156 90 400 849
900 588 661 862 192 606 35 611 794 432 952 893 468 962 344 725 818 537 957
797 448 486 566 833 44 359 583 933 867 284 667 90 632 215 527 240 81 401
133 705 617 874 743 943 77 494 376 951 416 107 967 112 253 754 5 829 72
649 270 405 876 190 825 349 657 807 354 25 724 301 62 58 197 584 747 688
67 396 542 277 490 454 292 596 546 100 158 92 787 661 480 575 131 726 13
205 653 672 153 277 100 103 159 273 213 811 623 339 227 597 903 310 947 150
495 651 86 518 807 161 291 90 490 202 329 671 691 624 194 607 912 59 649
393 494 938 213 152 104 734 648 734 612 74 630 448 999 382 708 580 103 997
931 385 882 112 190 571 47 178 328 856 85 373 550 4 679 129 459 970 183
638 838 960 653 5 448 300 555 601 921 54 129 604 763 193 582 484 541 136
1000 897 209 787 305 86 910 904 425 690 18 817 559 21 381 161 653 228 167
73 881 142 528 292 132 346 448 510 407 141 676 373 491 774 469 588 699 637
845 559 207 547 126 127 877 400 986 60 258 233 594 765 885 166 948 162 875
713 531 564 748 454 688 834 540 725 225 53 373 766 689 712 269 943 893 416
810 803 252 791 967 325 369 321 956 363 14 645 826 908 172 210 188 605 18
20
882 341 694 668 205 680 169 791 786 612 296 457 77 355 981 249 412 706 50 430
488 543 532 830 159 596 154 935 303 458 462 976 329 572 889 680 519 711 219 375
579 460 771 582 457 791 937 702 558 858 182 832 852 768 209 807 257 337 512 190
67 751 807 670 28 16 70 156 927 623 151 129 177 109 667 934 259 517 289 790
661 182 927 797 365 246 928 856 104 689 524 333 330 375 288 480 698 89 865 175
120 472 765 918 537 361 705 614 315 515 186 430 936 443 501 282 466 180 356 464
140 111 127 567 20 133 578 215 528 775 824 722 686 78 523 882 632 310 61 802
126 173 84 269 402 800 992 859 134 654 628 385 422 36 695 636 525 702 527 229
649 316 769 389 986 785 815 655 954 166 302 57 680 839 865 20 289 460 544 612
543 891 644 161 675 193 583 374 522 610 787 484 816 439 757 582 92 125 877 938
61 119 717 868 395 251 258 489 746 681 329 719 247 259 679 674 376 478 343 669
90 986 24 535 849 465 746 885 118 88 497 248 432 914 193 575 377 712 1000 960
510 236 526 645 40 481 898 213 342 53 67 857 525 941 611 369 660 248 158 235
813 548 639 554 580 666 813 403 744 429 538 500 211 342 900 0 826 274 892 828
342 745 497 922 590 622 662 685 283 462 544 776 236 730 992 752 264 831 372 224
288 598 321 884 2 681 916 43 632 80 711 679 593 447 316 153 829 449 360 402
210 556 989 708 759 931 905 509 434 594 908 331 530 994 717 459 360 157 494 812
411 355 689 476 87 685 798 630 879 69 554 222 434 554 223 290 732 217 404 925
394 520 860 908 925 800 512 965 844 925 287 887 481 931 566 578 180 976 654 991
574 717 242 705 982 495 907 406 946 948 835 573 764 424 203 13 688 627 376 756
18
735 591 57 145 424 471 673 761 187 235 435 685 410 1 36 225 590 296
576 11 211 244 751 913 873 480 349 395 638 273 762 980 200 217 412 328
830 581 54 583 344 99 736 690 716 50 802 247 171 676 382 872 849 98
253 933 636 445 147 364 477 81 329 903 398 750 437 752 320 913 351 667
829 592 272 606 347 898 787 334 743 392 465 926 939 261 314 717 309 757
504 437 713 980 483 561 763 120 355 353 567 492 698 290 360 62 597 7
303 713 223 490 26 835 550 923 999 305 578 194 442 260 489 215 346 383
862 415 601 950 186 572 410 238 432 683 347 238 307 376 162 728 788 530
82 614 491 895 275 798 709 170 120 30 389 448 509 398 663 953 229 23
315 148 901 220 787 217 197 562 664 845 798 743 97 597 988 833 712 630
298 203 259 424 695 850 947 226 375 55 807 570 444 20 850 943 288 90
130 617 288 109 619 789 624 589 577 170 987 441 414 553 20 350 268 664
794 743 876 353 709 735 31 195 181 128 120 295 804 307 984 878 2 259
284 557 903 573 445 8 764 664 210 459 291 505 710 60 67 512 269 895
501 992 836 826 386 870 108 100 564 543 318 862 313 118 747 454 627 476
285 603 247 142 662 713 140 88 971 866 799 5 143 412 836 730 428 369
734 106 729 148 216 734 181 300 359 350 852 747 155 940 78 707 747 25
570 228 429 470 785 598 400 562 741 386 213 974 687 95 640 933 750 745
7
37 56 209 469 825 954 470
868 620 857 736 655 67 335
492 143 357 553 219 732 241
818 179 22 441 356 338 478
155 159 688 191 821 665 12
236 210 771 352 984 170 418
267 586 763 738 364 656 694
6
674 951 925 133 280 340
608 869 268 151 168 207
280 894 540 397 608 823
507 11 347 293 809 990
893 732 72 923 687 618
466 520 908 654 893 978
11
881 994 0 938 98 501 367 664 428 786 631
890 682 818 80 851 172 736 114 952 564 466
18 264 799 103 314 861 894 201 101 703 320
929 192 183 410 139 886 23 290 864 321 482
744 221 174 373 789 812 927 967 460 356 706
250 631 919 718 138 237 242 659 253 496 501
402 793 531 298 782 572 489 339 199 475 922
523 530 961 619 221 873 200 916 394 952 47
875 349 629 184 786 222 774 285 471 652 319
198 385 277 392 631 127 81 660 815 973 987
371 95 987 601 35 166 978 791 434 535 397
17
601 649 20 502 6 419 439 332 132 713 798 914 354 520 319 669 855
849 311 864 847 812 138 173 311 488 57 147 305 437 561 225 458 56
58 824 2 264 413 229 118 451 635 516 767 676 59 974 857 164 949
32 483 314 608 923 490 988 547 745 114 882 448 380 186 464 496 561
679 727 374 33 583 750 303 279 307 438 405 497 960 243 265 650 523
977 397 837 810 727 642 946 372 232 180 59 148 820 642 233 691 760
407 129 318 818 904 278 978 5 877 431 929 83 375 308 50 54 93
131 526 489 453 614 197 777 632 526 796 274 562 504 752 60 312 664
786 672 225 890 900 548 950 216 15 920 413 527 663 21 983 648 262
327 493 751 236 861 581 657 450 515 859 602 374 787 309 341 728 686
729 718 176 3 351 300 316 201 989 271 276 31 64 664 830 582 269
632 307 736 864 182 183 634 178 725 346 140 862 314 935 31 919 901
929 175 584 702 18 415 882 615 899 722 637 957 428 205 847 515 771
959 197 679 467 405 569 700 195 535 457 765 346 657 433 951 321 489
743 618 275 695 386 397 280 724 691 851 542 948 782 231 201 843 827
173 923 877 355 341 588 401 926 742 207 986 68 784 479 728 362 431
889 86 239 30 397 989 411 480 224 796 433 618 365 181 503 684 890
19
695 32 448 440 903 644 723 98 841 713 650 202 502 152 825 603 600 642 173
116 872 676 253 982 600 192 877 988 15 828 216 138 447 886 299 705 179 20
250 243 150 893 522 840 468 406 616 461 365 87 183 467 191 380 48 794 192
122 327 114 117 509 956 838 457 230 705 332 563 735 897 539 243 234 498 915
75 38 304 990 572 454 363 190 345 396 820 838 732 240 81 538 828 125 693
556 586 485 692 80 15 304 643 699 679 620 198 385 182 963 36 787 363 610
327 912 315 497 966 631 156 92 615 244 521 799 444 148 510 760 87 92 270
982 896 236 944 940 593 872 491 655 793 835 337 969 111 992 338 205 75 768
483 489 410 625 465 168 774 537 506 6 387 724 855 923 796 164 252 160 485
926 870 309 170 562 261 933 30 518 681 608 984 836 300 793 178 923 757 114
411 25 611 406 615 866 375 408 238 268 534 897 752 447 178 177 179 211 24
802 813 335 51 885 591 28 575 122 184 504 778 557 141 335 688 8 609 194
946 120 912 804 342 442 910 378 677 477 685 846 406 346 72 149 706 778 127
677 843 955 578 102 767 5 938 845 294 790 586 351 172 14 200 342 855 735
8 889 297 403 445 288 4 358 993 822 848 747 701 148 784 286 944 525 191
791 416 799 729 935 296 737 466 134 179 354 488 386 883 93 798 397 608 457
346 990 955 933 682 977 286 333 339 853 747 334 0 809 663 46 302 589 781
555 908 780 697 875 172 241 945 557 87 66 363 947 844 535 328 162 724 5
514 705 937 529 769 994 543 862 602 929 453 494 254 910 663 373 147 101 758
8
498 528 39 939 735 84 665 148
256 63 985 106 18 582 911 882
747 825 911 163 952 428 522 138
836 820 961 235 242 628 526 4
918 444 324 604 426 841 412 859
606 48 51 714 645 131 487 751
469 680 80 89 888 223 651 35
649 350 935 566 716 462 267 830
14
448 19 716 667 179 812 11 409 417 910 837 290 281 20
398 702 664 658 597 420 645 456 610 868 104 652 738 892
572 776 764 784 647 650 216 824 480 40 774 337 484 794
287 237 551 51 891 457 832 216 461 216 959 425 154 326
316 373 138 385 595 105 954 765 607 828 515 829 513 541
793 597 814 443 844 869 740 728 16 390 829 844 685 420
596 835 647 506 253 473 782 787 951 457 688 877 979 352
718 640 381 498 449 755 416 920 80 4 786 570 925 406
615 454 932 255 501 891 178 436 208 409 803 412 934 366
130 234 11 359 31 723 126 605 484 435 846 238 850 59
937 412 962 250 353 598 107 275 426 180 730 918 944 613
943 221 501 257 669 214 63 289 351 491 384 803 190 621
189 774 448 165 444 310 731 824 797 481 579 30 443 178
195 788 964 959 671 897 156 631 636 561 167 278 324 983
18
403 891 394 865 822 564 629 269 868 166 581 834 961 435 781 77 696 450
689 826 82 188 320 326 761 922 385 588 431 296 116 720 834 988 708 796
915 632 284 159 260 769 565 989 216 195 231 861 678 119 268 117 585 243
113 736 298 300 573 86 774 672 560 884 61 910 749 24 776 272 686 856
492 891 542 127 101 446 614 601 547 218 742 316 150 262 926 185 43 198
96 702 42 462 650 521 129 769 911 486 320 291 511 575 239 467 860 14
558 440 678 650 968 972 907 790 640 60 308 903 46 141 671 59 890 997
659 153 230 536 256 46 660 496 312 317 598 333 334 737 824 727 980 568
672 707 214 237 777 549 651 318 135 959 272 88 161 303 66 739 459 839
758 89 765 876 731 346 65 697 729 795 756 430 44 565 762 518 276 813
896 547 19 189 50 745 198 249 854 429 869 790 623 341 129 860 592 233
262 615 596 136 848 598 698 406 489 39 864 199 961 522 892 85 375 616
40 444 633 455 768 707 70 645 106 290 929 933 151 213 588 103 687 937
397 578 712 511 920 983 178 434 619 670 454 552 701 472 560 19 319 669
523 852 982 646 456 583 274 828 799 278 878 930 932 85 396 836 381 331
250 994 429 77 301 740 808 86 596 990 291 169 306 142 268 461 61 519
426 661 425 663 146 726 850 105 657 474 932 101 598 456 28 956 521 191
926 54 797 688 518 555 111 462 417 900 770 906 74 834 914 238 521 979
8
359 960 850 406 324 825 125 472
398 856 255 176 727 397 551 284
734 284 202 103 648 513 348 980
183 46 522 27 949 449 435 435
451 584 261 296 231 579 610 961
722 892 78 894 675 131 1000 384
664 557 461 29 72 424 30 75
365 76 888 311 929 905 18 52
6
490 807 423 693 916 254
893 406 877 402 929 583
693 428 787 670 840 303
418 83 723 612 925 691
821 507 185 758 145 435
908 784 839 659 433 625
16
322 443 615 722 186 282 16 888 785 950 49 226 824 58 50 650
640 559 686 669 917 981 833 591 31 138 817 761 511 951 192 193
68 782 463 352 100 382 463 913 57 655 125 231 821 261 548 212
264 960 24 287 61 89 236 562 259 567 770 529 888 879 525 258
176 378 988 117 441 381 976 316 529 687 917 347 232 804 827 256
728 863 51 103 969 924 122 917 581 722 293 673 159 410 293 413
161 463 482 106 215 265 139 938 558 156 20 646 159 887 980 424
966 215 438 387 452 61 37 476 443 100 504 74 496 900 706 636
195 361 419 825 435 95 803 81 901 511 696 463 676 639 48 82
955 265 27 570 600 306 175 259 535 372 730 186 438 474 513 63
306 564 426 233 863 917 760 351 960 330 655 983 4 327 692 119
417 583 337 756 836 650 259 785 502 953 643 298 137 761 353 957
944 553 811 155 152 401 770 208 834 347 233 691 51 318 799 847
914 300 660 188 879 574 309 629 162 344 669 901 581 137 424 296
587 413 672 464 230 602 673 607 695 515 89 318 798 587 512 747
269 275 801 625 594 96 51 832 367 637 492 475 253 934 616 850
12
354 404 908 217 678 11 535 506 831 296 427 158
700 172 757 519 536 394 942 524 533 408 395 522
812 708 936 684 253 578 488 827 153 236 732 560
218 536 326 5 284 624 540 451 840 948 57 887
607 890 231 388 427 38 965 239 48 794 661 779
546 256 251 986 865 490 26 96 328 98 506 175
825 322 555 489 566 754 125 645 789 299 803 238
661 622 668 674 317 547 286 46 596 378 974 439
525 387 703 80 843 332 442 557 14 517 167 433
724 512 234 344 749 359 122 640 830 217 560 910
988 722 125 416 527 81 265 547 799 646 745 479
504 850 140 723 490 423 352 347 534 410 359 588
14
58 669 24 777 311 895 931 879 752 41 148 37 414 774
10 185 746 606 512 390 60 238 51 608 328 657 135 204
167 522 844 89 669 73 721 579 535 895 431 62 766 530
447 238 720 672 368 437 89 769 347 442 44 919 88 514
811 552 463 555 513 959 512 190 675 875 178 630 841 216
593 822 617 191 206 447 249 146 415 595 727 499 283 819
114 341 870 667 630 969 100 348 444 958 709 845 121 139
652 398 297 976 249 92 363 110 228 662 734 462 705 131
518 1000 294 196 197 324 418 448 307 859 443 354 952 71
353 142 395 899 588 488 890 378 874 647 339 825 567 89
345 326 192 531 697 502 295 215 370 795 195 14 560 82
895 303 183 925 778 489 850 341 581 169 397 823 650 862
989 634 997 540 966 494 617 741 45 51 650 85 981 216
918 26 61 700 461 855 350 967 650 837 663 762 126 174
6
786 859 845 266 484 819
68 340 125 30 894 545
20 332 353 211 463 346
708 943 129 72 471 938
529 816 648 601 235 17
942 919 59 345 929 462
19
679 355 600 157 198 714 919 409 182 659 811 954 990 691 111 687 797 208 491
587 758 352 694 958 828 897 223 30 601 126 233 398 734 114 247 553 314 437
861 94 910 754 647 340 589 128 525 741 704 379 175 852 744 250 377 615 58
473 590 731 451 368 98 523 481 941 334 758 933 762 233 642 543 851 52 92
854 632 825 373 939 461 546 308 129 903 423 953 308 116 729 513 391 293 894
244 89 374 738 715 237 580 414 95 974 144 175 126 728 312 984 101 639 780
206 273 816 494 394 501 20 935 287 321 7 280 168 479 155 888 349 580 822
854 652 322 269 461 62 157 151 583 900 668 253 690 46 115 313 585 731 933
120 566 302 566 238 59 442 631 743 393 589 641 39 877 233 106 634 906 552
285 987 662 70 446 870 677 564 564 573 384 720 856 822 949 522 953 830 782
443 887 910 181 325 539 618 796 97 381 371 52 864 300 684 18 616 71 9
304 928 77 812 825 631 701 571 875 0 963 990 347 62 295 460 547 102 816
906 496 852 356 594 196 569 728 389 121 350 153 916 800 177 14 434 696 661
709 24 525 870 792 865 613 551 973 842 523 845 602 778 1000 924 58 166 483
542 798 615 145 174 193 526 222 232 172 837 99 5 343 628 286 500 477 779
958 139 540 44 443 203 633 686 149 180 198 831 585 113 726 258 349 844 983
28 16 736 886 128 726 150 213 823 428 201 849 743 0 793 382 525 781 417
760 191 489 373 830 926 350 259 201 332 499 326 726 222 139 206 294 353 484
927 123 977 665 544 490 905 918 218 590 823 62 741 222 525 879 399 826 340
18
437 63 687 547 239 190 911 387 390 625 538 953 649 194 28 924 250 945
392 828 737 13 607 382 769 640 170 694 977 862 779 493 234 597 473 735
774 893 605 23 592 697 153 880 963 648 42 795 163 475 617 162 499 527
909 721 946 14 962 929 606 816 671 985 904 613 493 326 328 320 340 82
395 309 929 550 886 738 109 834 799 660 809 698 5 288 200 796 837 399
98 659 553 27 752 574 242 651 771 869 507 174 665 189 336 793 971 645
904 684 647 188 78 30 991 255 20 253 289 695 299 350 275 205 846 646
604 269 953 262 615 956 621 765 550 19 18 971 515 366 239 115 937 129
542 400 45 258 694 193 120 336 522 161 469 962 578 118 277 75 528 133
732 257 460 845 452 891 99 256 471 783 706 307 548 706 495 137 322 142
761 682 853 767 128 888 815 558 689 903 510 651 206 553 985 46 962 979
2 471 505 374 174 864 243 341 64 265 916 315 575 478 759 665 70 361
890 235 81 623 215 310 197 509 579 906 757 543 559 165 407 965 92 581
387 539 566 201 498 811 852 258 583 740 137 824 39 303 457 506 906 693
195 804 905 367 702 723 988 506 845 999 538 479 902 123 797 132 734 354
526 912 166 797 283 50 977 302 795 997 269 703 776 844 75 79 907 89
912 460 140 467 674 465 493 927 640 588 41 828 189 787 28 786 332 294
763 668 380 499 954 604 844 822 17 650 336 708 210 586 3 620 411 444
11
531 762 984 315 624 317 251 760 222 702 378
144 358 257 177 984 6 164 118 449 475 942
876 283 634 69 80 891 267 748 400 955 659
109 18 825 796 235 616 694 596 497 852 35
57 213 992 230 152 807 751 855 472 613 281
906 325 260 840 737 223 175 459 370 251 872
442 441 952 534 125 258 230 708 787 408 675
29 630 253 324 905 454 975 410 989 115 812
37 438 901 966 439 522 269 580 751 317 408
745 758 634 997 999 130 578 964 816 42 898
324 829 693 0 235 54 572 995 115 813 415
14
461 10 164 872 164 478 918 965 608 363 947 119 574 247
402 500 684 396 992 682 886 999 914 20 402 335 913 528
590 891 956 93 226 191 767 784 285 751 82 966 877 888
823 332 618 764 402 964 269 903 154 436 62 527 400 889
768 265 552 400 159 405 822 372 64 369 60 6 998 758
423 41 54 779 133 253 948 479 639 539 619 221 727 140
576 725 231 672 460 728 842 953 630 452 818 135 653 348
850 780 767 171 282 600 770 692 53 85 683 92 96 541
210 628 501 3 518 363 856 724 169 725 439 960 978 846
338 763 449 681 291 97 73 562 178 463 962 914 519 78
645 975 621 475 115 250 413 979 924 979 984 650 193 747
71 387 54 574 665 321 982 222 901 423 913 740 884 593
841 683 957 15 804 504 559 697 730 194 752 982 65 282
584 836 896 782 686 711 873 45 525 548 918 406 359 631
7
141 878 995 838 973 387 266
855 150 334 637 243 824 852
931 307 460 627 980 487 317
924 784 771 238 673 656 25
950 114 82 833 63 601 980
996 26 19 366 120 412 967
978 600 873 195 746 695 766
8
962 240 613 349 587 769 441 24
441 844 864 807 663 354 820 255
308 374 869 478 262 429 1000 315
189 45 725 57 982 468 124 634
384 518 85 252 456 896 334 857
593 202 221 666 769 377 294 783
552 93 103 74 982 336 200 761
978 739 781 275 758 509 115 156
20
799 460 640 441 93 649 530 539 860 339 80 220 754 384 813 720 647 810 93 260
253 964 934 775 237 322 570 504 499 575 34 668 40 924 923 235 759 562 978 814
553 541 283 929 24 629 997 6 404 55 910 314 22 966 389 855 931 503 198 48
529 404 256 117 9 314 282 595 307 568 99 436 682 99 425 601 343 505 893 650
498 671 869 772 829 398 713 580 241 680 115 705 769 569 874 686 602 529 508 489
556 298 101 549 427 858 481 110 677 535 498 790 187 57 497 279 177 14 353 871
809 753 483 196 433 34 695 702 969 154 897 436 630 106 950 645 127 89 765 646
844 134 225 803 881 438 662 336 203 892 749 54 489 857 598 524 518 681 18 234
785 965 834 492 507 858 425 112 996 925 809 626 102 986 903 553 513 547 730 192
185 950 920 600 777 299 7 292 787 570 746 202 875 822 170 69 685 514 592 551
139 100 891 870 242 800 109 966 904 105 438 824 826 535 953 665 148 938 378 11
193 69 252 441 129 183 625 857 609 624 469 606 73 557 415 192 904 345 233 477
617 28 604 873 337 595 448 99 333 276 953 959 901 439 59 201 839 3 961 161
530 641 280 657 972 863 740 194 464 414 11 557 481 274 189 380 309 721 62 474
822 148 661 112 245 917 492 234 709 586 565 301 881 601 836 526 280 408 140 887
517 609 306 778 125 152 219 184 546 910 827 862 74 376 29 720 39 178 226 14
46 98 655 612 583 126 426 735 436 903 257 882 296 395 865 270 350 903 800 920
214 629 291 712 8 722 66 814 816 217 419 776 691 664 566 759 349 746 608 508
577 591 685 613 981 877 76 490 615 611 816 594 17 521 846 171 630 398 506 482
295 855 654 583 368 314 331 12 639 690 725 744 293 627 165 269 787 686 579 788
9
874 0 495 420 686 802 38 243 455
728 675 999 514 782 70 571 147 1
268 128 611 417 763 778 281 317 890
92 330 406 309 422 445 90 950 955
962 755 650 157 372 197 639 562 922
50 43 221 686 785 536 401 198 20
536 73 10 874 648 943 505 847 832
109 576 257 904 754 144 88 143 65
861 55 188 198 694 166 110 435 90
6
867 309 642 127 717 429
881 800 812 283 824 138
899 934 570 567 94 589
545 351 910 600 969 534
106 124 482 944 646 883
764 804 806 739 278 58
7
945 795 363 918 666 971 903
942 951 501 411 722 98 6
452 337 991 112 169 799 886
804 741 246 563 961 552 926
634 96 225 25 942 629 783
618 713 197 714 201 732 839
768 16 723 446 778 149 452
8
64 693 490 707 78 769 668 532
745 904 780 135 422 226 822 838
182 82 893 710 645 993 753 151
82 644 422 322 575 955 77 31
184 963 295 63 268 749 837 111
171 116 399 872 222 267 54 439
957 161 716 716 997 808 787 556
748 275 153 533 711 494 542 196
8
428 318 842 61 883 30 239 381
747 743 997 900 276 240 65 616
223 693 209 126 903 744 954 935
966 551 391 658 436 744 381 189
353 894 329 351 392 636 957 899
132 656 214 192 861 327 642 440
823 203 721 692 743 862 885 309
726 621 304 550 196 330 567 387
12
784 314 641 795 470 248 307 382 953 813 986 343
307 945 234 2 327 555 177 481 196 148 615 86
888 411 727 121 630 346 22 987 280 621 165 844
342 505 321 686 538 855 212 262 885 555 522 337
897 542 88 665 747 677 768 737 187 675 255 601
957 437 720 367 647 276 369 164 757 988 42 606
147 605 794 69 93 338 190 754 954 891 674 410
362 745 626 796 648 725 663 795 810 403 206 310
115 448 421 592 726 619 283 386 465 451 200 259
125 960 127 796 852 934 17 884 358 748 716 520
898 300 179 137 78 104 138 567 520 240 30 157
819 116 592 769 16 866 898 242 899 303 719 608
5
353 675 183 191 24
124 79 954 138 77
867 599 691 773 782
327 746 734 268 63
354 206 34 597 8
15
174 910 446 577 144 239 926 866 706 640 527 716 421 55 486
454 954 555 132 526 222 965 162 460 564 0 738 174 2 612
856 847 552 570 510 731 593 819 829 397 859 444 299 557 324
365 971 463 766 732 183 260 824 440 310 182 669 914 80 585
109 985 780 24 757 661 868 98 794 350 898 297 286 667 751
252 159 132 396 993 884 777 954 22 753 379 338 472 391 882
956 15 233 103 229 763 550 999 734 201 652 917 304 219 770
677 167 97 90 552 367 265 791 198 290 606 548 318 463 159
587 302 213 37 470 643 508 718 98 616 988 153 468 3 664
456 161 714 80 201 453 983 879 248 413 477 149 430 325 134
630 567 968 159 495 272 492 287 829 783 544 789 591 479 45
266 680 54 473 61 874 641 795 127 211 544 557 225 341 231
691 77 42 587 32 207 469 680 65 446 86 103 900 494 728
283 956 418 319 100 499 404 879 332 769 151 788 51 179 59
197 698 192 969 240 538 736 707 112 707 556 330 101 326 313
15
990 743 818 260 168 628 507 37 776 59 443 816 534 763 219
787 845 1 365 499 664 676 41 292 931 497 336 178 827 499
433 175 783 268 114 670 443 349 622 834 504 638 541 62 826
578 985 759 295 517 945 45 309 159 684 524 757 538 11 148
507 1 494 972 544 390 79 190 850 522 101 339 241 47 506
883 255 227 671 99 834 453 477 805 560 232 589 133 970 919
764 710 910 313 504 922 458 720 146 141 829 36 477 661 357
288 677 964 216 460 873 40 761 652 920 744 103 213 268 874
863 833 883 384 85 645 839 885 276 156 899 619 782 687 974
491 390 759 920 810 77 214 812 609 504 165 364 632 955 580
90 554 353 338 451 132 379 198 668 819 172 922 960 324 819
148 741 442 267 932 209 57 918 368 718 701 7 694 410 795
44 562 502 167 892 611 479 92 324 115 789 380 671 811 353
185 405 719 500 122 600 673 929 678 132 661 456 569 914 608
610 637 405 736 769 553 179 184 707 381 979 515 780 41 295
10
234 581 527 196 23 81 704 203 525 309
718 95 366 336 531 461 821 639 60 95
486 204 798 92 9 481 783 909 212 24
818 960 410 21 376 688 142 101 140 819
137 3 72 831 392 26 827 565 553 817
574 283 320 733 573 987 909 138 266 983
713 34 740 821 426 787 145 327 200 482
206 110 548 371 758 918 61 949 848 34
215 567 391 988 381 840 634 903 843 44
102 782 890 428 168 336 917 705 742 606
8
368 855 660 256 654 829 124 664
763 691 840 272 826 552 155 16
766 430 763 755 644 3 990 313
151 468 640 778 395 704 543 46
292 315 83 300 590 948 850 795
354 499 35 953 843 273 125 633
22 819 559 103 557 912 449 261
380 965 831 460 454 89 683 452
17
533 897 127 888 792 755 500 710 23 540 98 693 800 74 309 351 419
786 42 440 767 427 199 790 619 739 588 120 107 851 448 978 820 27
450 163 378 78 398 568 449 150 521 603 360 906 83 183 748 226 640
385 914 537 108 937 825 686 914 726 142 547 228 266 131 940 462 98
209 383 921 723 494 167 388 556 102 183 285 306 946 918 725 682 862
227 182 734 981 657 30 747 424 988 708 614 3 949 521 92 549 360
631 582 992 74 18 342 48 870 20 424 368 97 502 163 449 39 698
423 747 475 346 105 547 969 929 503 267 698 582 521 459 984 889 672
961 713 970 104 130 492 423 794 942 746 603 485 411 252 495 93 178
146 891 113 280 718 482 727 963 308 92 348 707 28 682 360 831 712
330 585 256 370 894 966 623 976 245 794 141 260 660 188 568 452 389
114 2 946 193 504 238 958 131 722 156 385 974 742 229 99 733 53
884 656 893 343 526 673 526 256 348 858 615 892 539 639 969 187 877
429 846 603 323 769 558 108 454 422 444 740 353 778 744 959 648 429
475 827 555 59 646 134 820 242 797 503 164 748 260 233 236 467 862
989 672 801 986 739 250 548 143 309 775 217 684 175 217 972 532 867
369 889 390 93 721 477 641 519 901 491 206 729 899 238 725 446 269
