50
50
811 297 181 592 564 601 906 77 305 563 87 41 633 838 903 96 145 93 530 89 573 85 313 486 451 497 766 482 249 547 79 394 859 882 819 949 314 972 344 613 824 743 299 613 879 407 916 262 412 447 
837 745 637 201 583 455 599 122 834 839 221 501 726 391 787 906 619 240 945 298 821 274 103 42 541 132 429 38 60 467 826 251 361 599 512 337 771 79 612 112 44 849 416 287 724 386 636 470 534 457 
612 808 301 310 526 327 703 224 289 677 684 206 262 808 799 788 867 401 319 407 934 550 526 800 907 156 188 291 462 857 759 8 490 898 301 277 162 2 116 95 854 351 625 153 786 399 107 968 707 516 
5 809 676 819 535 327 136 768 356 937 835 277 715 154 656 996 648 975 353 637 630 213 945 443 775 471 961 348 769 88 142 202 136 876 954 958 175 707 452 987 156 348 706 941 792 474 36 950 424 694 
994 440 261 49 509 947 4 20 768 574 546 720 91 905 639 257 557 119 998 817 15 721 568 478 45 971 811 694 110 649 951 439 15 697 53 900 435 658 840 305 636 887 922 878 277 964 532 827 263 554 
80 507 919 103 483 707 529 368 272 678 98 555 198 956 409 207 429 263 80 948 283 209 602 588 869 19 131 955 65 67 944 891 559 451 740 445 497 777 669 914 703 4 561 787 184 259 280 216 718 342 
954 217 601 662 10 779 383 436 223 788 151 906 493 308 180 362 478 127 695 689 688 496 834 323 444 264 658 754 578 210 57 812 918 692 915 627 814 70 59 449 420 767 226 131 192 712 86 786 790 643 
260 309 173 164 188 757 668 98 875 23 313 81 8 51 760 943 561 498 441 724 76 473 139 763 518 897 363 90 543 992 149 864 360 980 398 93 304 438 276 246 23 603 573 974 166 330 947 424 881 798 
607 377 301 731 677 644 831 446 168 531 706 767 43 302 785 952 323 559 303 309 642 693 153 593 311 658 107 959 76 720 643 769 487 668 952 151 332 799 765 162 11 781 238 244 529 537 791 421 927 516 
747 294 532 205 556 433 951 715 254 939 312 31 600 474 873 645 275 30 773 684 935 905 551 990 890 306 111 51 841 66 873 329 744 188 599 737 801 187 180 615 348 447 992 550 229 698 153 955 418 759 
647 586 700 259 885 484 977 886 204 51 728 214 66 919 449 990 716 962 364 944 877 84 968 452 858 249 12 385 956 767 915 402 812 782 840 43 996 679 958 976 5 350 272 127 31 283 317 184 939 289 
162 290 673 223 290 910 616 739 35 705 378 684 659 821 564 279 612 774 185 495 273 218 160 516 996 450 610 759 496 967 403 543 508 273 276 234 342 157 518 754 263 826 830 861 566 172 549 3 416 716 
674 535 614 506 363 847 163 909 104 584 947 230 303 163 836 64 382 459 795 174 318 477 288 751 196 212 308 14 955 749 113 168 923 516 364 242 510 377 410 94 350 593 42 485 571 913 263 410 913 781 
16 373 488 887 105 494 934 841 74 643 716 608 802 197 345 54 316 468 854 911 402 459 553 820 687 118 200 558 103 489 824 877 337 311 443 702 701 766 105 698 833 258 989 685 649 349 80 387 184 69 
55 921 197 41 1000 281 629 506 517 869 645 134 491 85 145 741 696 879 868 884 706 652 883 473 24 913 118 520 298 619 868 224 413 150 708 835 523 507 576 493 182 758 94 344 802 85 584 172 160 618 
199 419 340 589 75 672 938 184 285 809 596 59 306 913 174 335 739 638 48 327 970 142 697 658 229 519 988 478 366 388 742 927 551 611 828 350 173 656 151 41 350 325 385 252 544 710 754 247 374 43 
613 103 590 406 537 855 54 197 72 422 552 851 768 43 726 920 978 469 102 966 946 986 868 854 743 548 128 722 935 970 222 803 785 40 725 454 617 981 800 559 674 415 2 544 314 667 160 416 141 186 
277 328 157 292 297 325 901 338 277 931 404 157 476 844 794 697 967 241 568 63 344 736 675 345 740 12 781 790 372 990 781 372 736 655 208 932 4 50 580 139 382 874 604 868 157 487 409 314 771 338 
389 310 152 891 828 987 235 126 52 48 349 979 168 597 191 500 136 77 501 94 840 102 899 782 792 135 351 241 394 533 397 628 222 534 115 143 361 750 408 711 956 846 198 430 586 826 908 836 751 20 
531 538 975 501 812 75 944 722 269 3 252 257 677 588 282 970 100 274 773 598 957 719 926 132 577 208 696 732 893 8 312 857 81 961 527 748 928 750 516 183 625 703 484 453 896 925 183 906 292 808 
861 384 397 774 833 210 256 568 93 13 724 971 826 295 689 736 300 670 591 545 761 381 827 365 738 841 927 395 601 729 186 708 30 36 670 923 768 604 28 362 760 581 690 898 674 92 798 731 812 398 
880 955 204 769 239 39 70 528 979 302 185 420 376 64 740 388 465 998 672 497 890 453 435 718 250 241 889 7 116 758 563 544 692 198 612 626 594 558 160 126 168 633 317 396 688 434 160 839 742 638 
928 579 806 12 620 789 556 495 964 628 129 774 672 945 154 98 473 257 318 404 493 877 468 661 434 658 484 368 646 444 157 718 361 485 542 504 646 467 462 286 158 42 687 510 724 817 926 988 556 108 
235 601 51 231 35 323 34 778 246 935 810 267 594 428 870 847 310 882 856 483 66 646 428 887 755 358 694 959 785 680 913 5 30 624 853 861 962 755 990 605 856 555 320 85 723 887 782 833 852 397 
915 884 279 656 722 437 987 316 657 785 536 705 650 90 900 197 693 14 993 952 267 757 607 759 220 289 300 148 377 774 891 536 965 741 17 883 3 224 535 975 426 453 26 324 162 457 723 200 228 204 
113 472 660 292 419 990 81 510 944 135 734 467 598 442 146 682 956 682 516 181 45 64 594 698 104 357 6 183 973 341 160 944 824 179 512 327 1 2 106 219 507 856 772 341 496 6 737 54 447 279 
199 645 429 27 874 828 994 322 241 711 742 838 558 586 273 786 124 661 763 917 636 859 303 127 213 293 247 616 340 334 709 221 387 184 528 303 265 733 684 313 589 707 357 129 119 843 917 18 238 894 
94 225 650 5 605 949 659 121 460 266 44 579 472 376 815 69 336 339 809 307 847 233 377 818 369 365 177 959 588 330 715 775 459 622 889 240 639 755 20 942 588 950 60 689 638 909 805 586 60 869 
288 833 763 932 287 717 59 958 935 401 964 493 199 732 78 827 801 721 307 263 635 223 226 964 412 366 718 321 201 345 302 221 135 508 293 51 1 573 148 798 203 32 601 833 210 661 593 64 416 189 
81 346 509 997 436 442 809 16 748 544 837 913 448 126 194 510 981 497 64 168 769 929 35 238 466 123 155 495 718 293 890 544 263 610 67 269 726 123 242 850 763 50 417 161 543 130 472 83 253 240 
885 320 281 106 64 930 812 313 146 608 928 280 933 505 695 472 911 682 158 914 838 600 364 601 605 405 475 990 490 464 782 899 273 239 554 415 469 854 58 44 606 779 925 19 881 571 582 468 462 71 
879 613 395 22 418 819 44 459 748 246 753 474 719 464 247 470 815 551 78 308 497 950 247 146 267 133 957 715 247 881 465 150 534 257 304 322 470 99 575 780 330 796 690 670 108 415 185 429 336 84 
545 814 855 341 781 695 163 185 207 380 185 998 834 411 263 669 860 317 749 952 131 598 657 541 600 455 479 383 178 370 849 144 852 901 561 396 43 909 957 442 553 133 285 287 199 888 134 501 75 913 
413 614 57 756 992 865 687 501 195 516 991 697 514 435 728 113 914 689 545 613 347 614 755 966 152 824 240 518 26 861 339 30 271 142 892 781 197 951 449 656 700 896 949 267 442 486 889 679 956 801 
874 270 256 501 784 252 348 806 246 193 567 551 792 859 155 927 635 175 843 142 782 348 877 870 581 248 34 562 884 208 823 793 497 529 848 506 868 187 844 600 587 748 696 961 272 676 209 160 234 423 
588 83 682 805 434 785 773 15 748 452 204 76 896 60 465 49 282 679 610 589 187 210 913 293 443 589 637 701 308 596 620 198 585 375 467 403 722 139 934 724 916 628 479 864 724 508 486 177 673 293 
502 660 375 725 575 344 232 937 661 556 802 356 255 644 304 885 747 348 538 720 954 444 42 162 447 744 56 609 578 449 182 746 824 485 512 261 197 678 694 3 794 548 813 232 704 722 378 570 485 124 
499 97 601 660 979 221 457 778 45 12 325 621 76 988 423 513 380 82 713 24 288 372 302 829 155 460 893 206 269 688 376 785 514 404 545 960 766 680 933 462 303 378 398 359 298 346 948 23 880 908 
458 449 252 648 239 437 23 929 248 46 253 627 428 852 854 778 137 82 103 765 459 903 525 579 839 814 811 748 812 743 857 180 578 694 444 537 716 119 920 591 496 367 518 640 283 10 612 514 938 497 
736 341 720 660 409 293 629 752 351 405 588 209 791 379 68 638 113 39 19 836 674 884 314 817 261 279 168 513 54 782 149 569 801 5 712 73 339 255 410 331 611 750 145 49 301 199 15 101 150 605 
663 812 917 979 635 7 737 167 311 954 846 196 547 200 488 803 712 29 442 187 131 929 476 943 355 246 505 409 285 424 524 93 179 809 595 438 623 951 92 473 284 448 846 43 911 835 761 350 680 64 
400 246 403 73 544 185 102 642 107 443 715 614 108 48 456 152 208 200 329 991 135 846 184 157 111 462 104 593 703 450 156 436 307 927 992 569 585 77 459 665 986 581 607 247 166 82 390 576 574 211 
142 619 926 686 169 451 634 237 683 797 409 686 434 36 188 439 44 930 393 336 954 726 963 107 477 704 381 844 440 18 418 699 988 591 817 910 273 148 383 150 933 137 655 143 18 521 678 651 827 826 
646 16 711 834 190 822 210 557 343 597 238 572 735 682 111 907 827 435 313 554 543 737 977 567 446 959 917 745 784 12 466 702 366 389 697 153 90 412 268 617 805 243 265 919 680 529 839 728 910 694 
255 475 372 932 84 841 19 80 502 833 874 165 939 329 853 117 110 261 716 669 320 321 759 833 755 96 175 501 911 607 520 664 139 983 537 873 660 454 914 611 846 544 424 466 857 326 502 879 252 64 
520 527 144 231 114 822 177 216 867 772 941 479 790 659 871 580 720 668 647 360 913 84 681 502 383 936 472 676 632 812 409 545 499 306 735 936 893 152 878 316 844 605 319 84 423 75 365 835 880 995 
449 827 135 237 913 45 930 3 24 849 326 248 561 211 794 691 989 474 535 781 107 339 280 970 208 557 898 570 188 863 379 42 530 161 881 492 179 935 557 322 279 402 888 999 275 812 3 679 750 344 
792 280 205 752 523 377 689 729 893 402 473 626 379 514 172 604 516 790 581 688 151 101 756 457 265 284 413 840 986 804 269 248 69 241 419 396 190 148 773 454 249 120 305 795 190 158 125 420 139 853 
981 710 437 850 57 792 473 666 197 123 83 51 543 808 892 798 730 631 602 953 668 271 190 125 885 118 974 227 611 52 529 421 471 55 824 684 460 688 557 78 360 616 172 917 504 128 284 505 736 361 
702 431 792 278 479 346 567 835 771 887 209 740 913 246 845 610 774 152 737 940 787 689 57 423 720 482 620 660 273 388 527 784 315 728 650 441 152 344 458 263 867 902 138 702 91 128 125 286 680 942 
10
9 21
31 5
47 13
18 29
29 23
29 26
21 24
8 14
37 50
31 15
