f(n) = 2f(n-1) + 3f(n-3) + 4f(n-6)
0 1 2 3 4 5
1000
532310995
3270274026
2119202975
1804803962
1005112544
497721448
711848949
1966857027
1565887795
487535719
877149765
663176677
4284958603
4259862758
3264133697
425323366
3703122386
298270254
1352484787
3057711556
477372519
3938067616
1834369029
3785765003
119860557
3662865329
2438432559
821490126
2710585413
325103397
161909516
875773365
4140126016
3944015788
3926994554
1627986813
327830867
4206907173
1534762475
958339061
1362978377
4060807311
1542554309
140660328
3043144400
580659045
414403462
3770794732
3581776082
1333464638
3383510492
204273618
889854260
2787522030
3196007382
681977031
653691329
2015019412
1298682310
1433737976
3013270469
1331550629
1377354284
1538035700
4284612485
296985816
2366078843
1513984011
2173488690
1413199304
3345956410
2578964690
176878308
3239134697
817649327
3520269733
1873146930
3412069609
3889053955
989478256
1886163917
1297290627
761169009
1692931917
3292871783
1395518070
4083585157
1093088469
3168577092
2116324594
2844576506
1305052886
2544391657
73046172
1638206621
1836681016
1228155171
136152416
2459143419
2166840835
764927980
4108274919
913270306
17946319
1504279846
4029690781
610278774
4274886549
669322638
1614235499
3404497774
2824292835
3993714340
1095584356
2393661166
2815646426
4144355855
1255996806
1340977827
2145164985
2888019375
1234489554
906405481
3573206607
3480465777
575728112
347270075
356778784
4195723321
3004005089
4087915763
4007563057
1075894339
1699149663
3983436880
1365586229
1440867670
1789594131
3418338803
2918911339
3191914044
3815578701
2435288426
2062286880
3494796849
4002182047
1989789395
2273571836
4128933315
3850978914
3931505825
390212173
2584631819
3875236836
3692649269
1877458223
945808527
1041320458
3803535886
4156268271
593629200
3537199948
632905294
1217619301
458251553
2210733795
3297023859
380317309
2345265353
962013737
3015506482
364912491
1706992831
3570285122
4177814227
56016456
1591614105
3483999099
1271964754
2256325176
104526494
3965812938
2384047716
2125417864
3300937040
2178170790
238860207
3897792940
122289304
2773749102
490334965
2445248370
1065449828
1083039301
958512840
389681237
272448715
916474738
2712029968
498791817
4249709568
1841947862
1217730203
1930110831
3818783885
3766852980
4072005120
117519157
801697240
2650615243
920948947
2623698016
2334885662
2647834522
340773017
2961316989
2238095087
1234119615
2929647892
2315145963
211187757
3111636439
535607466
3091638905
2859461239
3191096128
12590093
3862508027
3938176985
40447083
2322810942
124883576
1476892521
4180383747
1695704269
276284607
2984205622
82083049
1725965679
2523486835
3635736685
1889350604
3147825144
3634815373
1786106368
2969144871
1376854712
3412809799
2049721962
2888476074
4005725612
1263211316
1051989746
181744069
3602122737
1383969171
786018661
2735629288
3609241298
3435425445
2650230315
1633863131
85788348
1611170550
3802113106
2370946706
975857751
1070923869
3660984608
2609852729
3061701901
2576771118
442591711
1706270866
1463476981
1533559602
2687007218
3213602395
414359378
4079197976
244678583
684726576
4292833559
1924335578
3241173349
2958932327
3562765660
4038506682
1732042610
3255858542
2945746020
1532851252
386594543
117829996
3626746484
646299524
4129455900
3494257980
4152692731
2925993262
1427204644
3850126649
969200426
2965767628
526586289
3386475075
2014931083
63691936
1972119535
933750622
721048967
4257187487
3933889307
1024468619
3774029054
1716252958
2067984875
2418121531
2192680522
976892865
3488434309
2361529552
728651853
1193097786
2700621012
3462144679
487937977
4274910949
3667169811
1177535858
2407714661
1421185243
609889889
1348768499
1842374971
1757390203
2049375903
2289478771
4262956310
2607047354
524239970
3109324553
871817433
573396014
1661035735
109901538
1883239747
3090210799
3276976502
1282820590
1405682478
3339911083
414503052
4163536756
2659819513
1356606488
1433680929
618739200
3863969923
3935841659
4006453408
3035197263
3819654438
327602152
704287446
3135172744
2934078722
4056721245
1585563159
4201343037
2193252822
4149172175
418922293
1066355383
1365369414
183472634
3856699506
2974697090
2158538810
497083915
989531737
2154220350
1940591635
1161676804
3775672187
3585183432
2135343646
1745534777
1437652285
667463792
3869086752
1755099695
3208384724
3100837518
2743823728
101515629
2750235499
1226532859
4172353247
192828279
74917372
194002537
3730726625
1995020137
447957377
1102660920
1966707107
182062981
1607467711
3789586569
4092434649
2578603269
4002977501
3883428127
1231965060
2823139413
2234263504
3199196926
2423090163
2000716095
176985103
540664335
2509931371
193343481
2594500149
1552762997
2188789057
27253649
3161999262
2248033550
1073548619
4200599641
2642776332
2644208532
2370723344
4205518735
3175981834
2035168549
946534293
1056504162
3006626474
3939688084
540498288
2801068058
1213237731
2948615866
2757942855
47072898
3304776218
4155121808
398488728
878399528
187272773
1705838736
512273296
2686448859
3412357736
2852505380
265385382
2448589258
2991752842
1728266035
3946737902
847226939
2305819752
3170167627
1915190391
403211325
2659297859
1059286014
71601202
1589731104
1880531144
1690946607
958049444
3338260782
3652058890
3482805247
40650753
2200892038
3758749993
62102703
2071312517
263458369
361851772
233846589
2605837151
3771230298
786071450
3129848583
4120851023
1787725888
711663495
1842789152
2555258427
2624126038
2563953387
2443173686
2335537479
1048340404
2910070653
1248424575
1204443297
39614610
3555483854
4116662865
1801206296
2116888344
2012546470
2170568152
2498845921
1347540310
4094058016
3900215303
1529621810
443369795
491762724
3581095166
405689054
491283371
1868206073
734505624
315156321
360459137
1983040244
3149055478
186745129
3710414429
3365537465
3977383310
838225772
2595104467
3135229398
3747264906
3908861621
1441712092
1241748588
1093593434
1148187844
232713968
5225712
1250347948
2942390500
4206044905
1542966424
309582384
825746217
1189180991
3129713850
4211330351
3533037640
884629450
995181626
4260757997
2047210396
739193384
3942187532
3580596654
2774154006
4010384486
3657209849
3491848691
977881512
3276222804
3064561609
2724263061
3216165823
2987733247
4195468392
3446841665
2010877073
1647072836
4250938526
2105411834
4229928586
985961432
1031881456
3157098283
449791696
4252571883
3510823227
1235064365
1555237851
2852986019
2774381869
3088558444
3025033263
1121460008
1250460715
3841689817
3216465840
2164227773
1482581060
627856721
2346477083
2871708542
2887303590
270327439
754414644
3355050846
3082984331
3914361625
2590001880
4235739080
3664204636
4185198403
3573259711
2616097557
1840325033
3397408947
4182377346
4014510227
698398919
2837344404
946473423
1956814475
1592356280
3050677932
282640945
2560816658
34420875
1543961209
653502655
2292172766
789642737
3101875712
2655106176
2737317458
2265916360
1175917545
2265976787
144145876
762299801
2587585299
3386990833
4130661002
2163266937
2933042730
2508962955
1565567169
3137759559
2286664017
3640509064
3335023499
3605093265
4057900098
2309827055
303983378
2038661890
1514330990
2514939624
999803406
1744829237
2926458990
3640522125
1894869512
2213363570
242163686
2824489363
2503497874
1009111048
2343414057
711994576
3032050364
982738275
3188539298
794435735
1606286469
4063420121
1235684021
2216741741
1636057012
900915712
2080012154
2622512942
1212122915
2671830605
4159916191
1109493251
1936441063
2939126093
1839365688
3868337592
836940033
2277326536
450548260
3990990313
2937159034
3072814762
771034296
4218151201
3597543298
3985687374
1238482135
1964059886
965125466
1260994545
2010619052
3086646621
3375996985
5148360
2395099864
1887616196
3673674642
615320787
122989198
476175200
739347316
709602173
1611946968
205015333
3742674131
3919586420
495430208
2033319429
529741589
3340453541
181575376
1954653994
1323749528
2826629478
2163574706
1121550610
428197795
1948856185
1831652679
615451717
2160730534
1297232460
3874630683
346197224
3891851241
1092975910
3382312665
2259108055
2635572622
1572553901
4149543613
2382080659
1584317397
632167092
1880788612
3199746577
807914162
2282637602
1667705466
2845982423
802579647
4144752712
427089717
1129394213
741635435
144749117
1840706366
3767340059
371232675
1471370815
699650837
738594463
1183681767
64118520
2887716435
1606468453
1578777489
1133753479
2158554772
1662266130
3642577454
1599377783
3199217649
2584990102
1438474790
1253935407
1091479652
2467055748
3033938207
646806196
3328124064
3470283311
2101715645
1229203012
3859093825
3796513711
1566998435
596277751
1268469672
1057467520
329940791
862093816
776634087
3051925582
2625128432
61902600
1566826329
2972738301
3881007135
1335348412
2073251072
1253599165
1579373143
4162506521
1292914110
2261862538
2239317572
42017943
749692583
4145665062
2085848227
2955321625
1403514947
2298228836
3897366578
4207653888
101439898
2938280912
644746509
3406495263
770526974
71013717
2909979000
292770562
1026351075
4232459892
1208214047
2681903738
2150227730
4239692838
2639022025
1527210843
4116870032
3929389126
2109168339
2356793482
1001952355
2157750570
44879912
1860375993
3804199602
202550210
1774617877
1916802045
436103895
2158716541
3670870411
4252587179
3467362484
1344696386
1132007337
940833617
26390562
1750004295
1028491434
3816492938
3125526317
1153983113
3996685893
1938307478
29371332
3311495624
3943884914
1164924895
4197985934
3716512290
3456279056
131727372
4158463178
1990331702
357262685
2510608385
2487945333
173625269
1053358907
1120381737
3223886233
3562232803
3476105037
2377118762
927959242
2052367691
1354847468
3359227782
3423966820
4236710345
2427169919
2306082559
381723874
3401514637
798337046
832155977
3535019829
1480182147
4060483423
898810710
3930382689
2951842545
2357429107
2431164190
376277230
3715158450
1530880647
2990074073
1827691944
651262401
1252136413
3373420370
3999464837
2303444893
3439545731
3464163499
2015761175
2264507934
2079696657
897798768
2574719295
1166938873
3555397772
1328867232
3331638292
540156108
1547976622
3686189176
120287846
2852051886
4147910977
980606026
1097447082
514459842
1898250863
1238112611
2072652808
1392680242
2165352967
3874124170
4240061632
399779701
3271646647
1955253853
2262432376
1449012289
3297117113
3881152063
2377725678
4169912102
116636756
745914451
569976920
622500170
3364551453
3989805463
2954454844
3205875612
2452468602
3218070203
2436927056
3950795545
3845523436
2558730167
345903706
1811217110
1852034545
289548923
1733350448
3455724806
2595827967
2548101585
262449625
2707760567
2619600957
2584354434
1612650253
1366914427
2152966083
2531655827
3862849352
3001171144
997355205
1559113390
2611488700
103163950
3872686564
2919891027
1808405969
969182734
1357441524
1647838209
3715181720
3528301352
4019542587
3084742822
3748929705
2612000486
162320711
3858492651
1004937465
2989492029
157245157
4109924090
3992725152
784849680
1969168387